# µ•¿Ã≈Õ.
	# 	801 17 25 28 37 43 44
	# 	802 10 11 12 18 24 42
	# 	803  5  9 14 26 30 43
	# 	804  1 10 13 26 32 36
	#   805  3 12 13 18 31 32
	#   806 14,20,23,31,37,38
	#   807  6,10,18,25,34,35
	#   808 15 21 31 32 41 43
	#	809  6 11 15 17 23 40
	#   810  5 10 13 21 39 43
	#	811  8 11 19 21 36 45
    #   812  1  3 12 14 16 43
	#	813 11 30 34 35 42 44
	#	814  2 21 28 38 42 45

    # anaColEndPtn( gEnv$zhF ,pDebug=T )
	# [1]	 4 5 5
	# [2]	NA
	# [3]	12 13
	# [4]	39 43 34 39 39 41 45
	# [5]	40 26 42 35 36 40 42
	# [6]	43 44 45 43 37 43 38 37 33 43 42 35

	# colValSeqNext( ,pColSize=2 )
	#	(NA)	(X)		(X)		(X)		(X)
	#	NA,NA	21 34	29 33	28 40	28 45
	#			10 17	24 25	33 34	26 41
	#			39 41	29 32	41 44	23 28
	#					39 45	21 30	27 32
	#					27 42	38 45	20 31
	#							39 45	34 40
	#							42 45	30 37
	#							33 40	39 43
	#									37 40
	#									41 45
	#									38 41
	#									35 39
	#									15 21
	#									31 36

    # colValSeqNext( gEnv$zhF ,pColSize=3 )
	#	[3]			[4]
	#	29 33 34	21 30 37
	#	27 42 45


# ==========================================================================
#   fStep


# ==========================================================================
#   cStep

	# colValSeqNext( ,pColSize=2 )
	#sameRow (X)	  (O)     (X)     (O)




