# µ•¿Ã≈Õ.
	# 	799 12 17 23 34 42 45
	# 	800  1  4 10 12 28 45
	# 	801 17 25 28 37 43 44
	# 	802 10 11 12 18 24 42
	# 	803  5  9 14 26 30 43
	# 	804  1 10 13 26 32 36
	#   805  3 12 13 18 31 32
	#   806 14,20,23,31,37,38
	#   807  6,10,18,25,34,35
	#   808 15 21 31 32 41 43
	#	809  6 11 15 17 23 40
	#   810  5 10 13 21 39 43
	#	811  8 11 19 21 36 45
    #   812  1  3 12 14 16 43
	#	813 11 30 34 35 42 44

    # anaColEndPtn( gEnv$zhF ,pDebug=T )
	#  3  4 18
	# 15
	# NA
	# NA
	# 17
	# 31 41 40 41 31 39 45 25

	# colValSeqNext( ,pColSize=2 )
	# 765         15 20  41 43	 23 37	 40 41
	#			  26 36	 20 31	 33 39	 22 38
	#			  26 43	 17 19	 19 20	 19 42
	#			  36 38	 36 38	 24 37	 26 27
	#			  38 45  30 38			 35 37
	#			  23 25  29 36			 29 43
	#			  28 42  19 25			 41 45
	#			  23 25  37 43
	#			  16 17  35 42
	#					 38 40
	#					 18 32
	#					 19 34
	#					 26 41
	#					 34 41


    # colValSeqNext( gEnv$zhF ,pColSize=3 )
	#	[2]		
	#	15 20 31
	#	36 38 40


# ==========================================================================
#   fStep

     E3  E4
682  -5 -10       5 10       -2 -3        0  4        5 -9
455   4  13      -3  6       12  7
454  -8  -8      11 14       -2  2
347   0   0      -2 -2       10 14
283  16  11      11 12        0  4
143  -9   7       5  4       -3 -4
113 -17  -3      -2 -3
47   -3  -2





