logId:to20180721
# =========================================================
#Raw Value                                              =
# =========================================================
                                                           
# =========================================================
# anaColEndPtn()
    [1]   
    [2]   14 36 31 18
    [3]*  33 38 21 33 34 34
    [4]   31 40
    [5]*  35 33 33
    [6]   45 44 42 41 30 20 45
                         
# =========================================================
# colValSeqNext( ,pColSize=2 )
    <1> Val : *,    Rem : *,      (SameRow,Rebind)
    <2> Val :  ,    Rem : *,      (SameRow,Rebind)
    <3> Val : *,    Rem : *,      (SameRow,Rebind)
    <4> Val :  ,    Rem : *,      (SameRow,Rebind)
    <5> Val :  ,    Rem :  ,      (SameRow,Rebind)
    [  1] 35 36    17 18    20 24    10 13    25 38
    [  2] 10 14    25 27    15 16    26 31    24 25
    [  3]  2  4    19 26    18 21    20 21    34 37
    [  4] 20 23    20 32    16 32    21 33    28 30
    [  5] 24 25    32 38    18 27    21 26    37 40
    [  6] 17 30    26 28    13 20    27 40         
    [  7] 15 28     2 11    24 27    27 33         
    [  8] 32 37    25 37    26 27    23 25         
    [  9] 10 14    19 21    13 20    19 21         
    [ 10]                   38 43    16 18         
    [ 11]                   34 37    29 32         
    [ 12]                             8 13         
    [ 13]                            13 19         
    [ 14]                            30 42         
    [ 15]                             4 15         
    [ 16]                            40 43         
    [ 17]                            16 25         
                         
# =========================================================
# colValSeqNext( ,pColSize=3 )
    <1> Val :  ,    Rem :  ,      (SameRow,Rebind)
    <2> Val :  ,    Rem :  ,      (SameRow,Rebind)
    <3> Val :  ,    Rem :  ,      (SameRow,Rebind)
    <4> Val :  ,    Rem :  ,      (SameRow,Rebind)
    [  1] 24 25 27    19 26 27    18 21 33    23 25 38
    [  2]                         18 27 40            
                         
# =========================================================
#cStep                                                  =
# =========================================================
                                                           
# =========================================================
# anaColEndPtn()
    [1]    1 15  4
    [2]*   1  1 11  5  3 19  9 12 11  1 13  3 12  6  7  4  8  1  1  9 14  1  4
    [3]*   8  7  3 12 15  5  5  2  5  5 10  5  1  1  2  1  4  1  2
    [4]*   1  6  5  4 11  1  4  1  7 17  5  4 16  3  6  1  3  5  3  3  9  2  4  8 12  4  9 20  8  1 21  9  8 12  7  1 11  3 10  9  6  5  9  1
    [5]*   4  1 17  9  2  5  3  3  5 12  3  3  1  1  8  3  1  7  5
                         
# =========================================================
# colValSeqNext( ,pColSize=2 )
    <1> Val : *,    Rem : *,      (SameRow,Rebind)
    <2> Val : *, *  Rem : *, *    (SameRow,Rebind)
    <3> Val : *,    Rem : *,      (SameRow,Rebind)
    <4> Val : *,    Rem : *, *    (SameRow,Rebind)
    [  1]  3 11     7 10     4  5     2  6
    [  2]  2 13     7  6     7 13     6  5
    [  3] 17  5     5 11     5 10    12  9
    [  4]  1  2     5 11     9 21     1  3
    [  5]  1  6    16  6     1  2     8  1
    [  6] 13  2     7  1     2 20     2 13
    [  7]  4  7    15  7     2  2     1  2
    [  8] 17  2     6 12     7  2     8  9
    [  9] 11 15     8  2     6  5     2  2
    [ 10]  3 15     6  9    12  1     2 12
    [ 11]  8  1    21  2     5  5    14  5
    [ 12]  7  9     2  2     3 12     5  3
    [ 13]  2  3    12 12    22  3    11  1
    [ 14]  1 19     7  1     6 12     5  8
    [ 15]  3  3     5  4     9  5     5 16
    [ 16]  6  5     2 17     9 13    11  1
    [ 17]  4  7     1 13     6 14         
    [ 18]          14  7     5  3         
    [ 19]           1  7     2 13         
    [ 20]           7  3    12 10         
    [ 21]           2  3     5  9         
    [ 22]           4  5     4  8         
    [ 23]          12  2    12  1         
    [ 24]          17  2     5  1         
    [ 25]           2  4    11 20         
    [ 26]          29  2     1  6         
    [ 27]          19  2     5  2         
    [ 28]          14  6     2  7         
    [ 29]                    2 13         
    [ 30]                    8  3         
    [ 31]                    5  4         
    [ 32]                   21  6         
    [ 33]                    5  1         
    [ 34]                    5  2         
    [ 35]                   14  5         
    [ 36]                   13  7         
    [ 37]                   11  2         
    [ 38]                    2 11         
    [ 39]                    4  1         
    [ 40]                   10 14         
    [ 41]                    4  5         
    [ 42]                    2  7         
    [ 43]                   25  4         
    [ 44]                    8  4         
    [ 45]                    2  3         
    [ 46]                   13  2         
                         
# =========================================================
# colValSeqNext( ,pColSize=3 )
    <1> Val :  ,    Rem :  ,      (SameRow,Rebind)
    <2> Val :  ,    Rem :  ,      (SameRow,Rebind)
    <3> Val :  ,    Rem :  ,      (SameRow,Rebind)
    [  1]              7  1  2     2 11  1
    [  2]             17  2 11            
                         
