logId:toZ854
# =========================================================
#	Raw Value                                              =
# =========================================================
                                                           
# =========================================================
# anaColEndPtn()
    [1]*  17  4  5  5
    [2]   14 26 19  4
    [3]   
    [4]   16 15 25 21 20
    [5]   18 29 20 29
    [6]   41 33 42 41
                         
# =========================================================
# colValSeqNext( ,pColSize=2 )
    <1> Val :  ,    Rem :  ,      (SameRow,Rebind)
    <2> Val :  ,    Rem :  ,      (SameRow,Rebind)
    <3> Val :  ,    Rem :  ,      (SameRow,Rebind)
    <4> Val :  ,    Rem : *,      (SameRow,Rebind)
    <5> Val :  ,    Rem :  ,      (SameRow,Rebind)
    [  1] 13 14    17 22    10 18    29 31    35 40
    [  2]  6  7     9 12    14 17    10 13    32 44
    [  3]  8 24     3  5    13 26    26 31    41 42
    [  4]  6  8             39 40    20 21         
    [  5] 10 11             34 35    21 33         
    [  6]  1  9             19 25    21 26         
    [  7]  2  4             36 39    27 40         
    [  8]  5 10             19 22    27 33         
    [  9] 10 14             31 35    23 25         
    [ 10] 24 27             30 33    19 21         
    [ 11]  7 20                      16 18         
    [ 12] 14 15                      29 32         
    [ 13]                             8 13         
    [ 14]                            13 19         
    [ 15]                            30 42         
    [ 16]                             4 15         
    [ 17]                            40 43         
    [ 18]                            16 25         
    anaMtx_ColVal( cvSeqNextLst[[1]]$fndMtx )
    anaMtx_ColVal( cvSeqNextLst[[2]]$fndMtx )
    anaMtx_ColVal( cvSeqNextLst[[3]]$fndMtx )
    anaMtx_ColVal( cvSeqNextLst[[4]]$fndMtx )
    anaMtx_ColVal( cvSeqNextLst[[5]]$fndMtx )
                         
# =========================================================
# colValSeqNext( ,pColSize=3 )
    <1> Val :  ,    Rem :  ,      (SameRow,Rebind)
    <2> Val :  ,    Rem :  ,      (SameRow,Rebind)
    <3> Val :  ,    Rem :  ,      (SameRow,Rebind)
    <4> Val :  ,    Rem :  ,      (SameRow,Rebind)
    [  1]  1  9 12                            29 32 44
                         
# =========================================================
#	cStep                                                  =
# =========================================================
                                                           
# =========================================================
# anaColEndPtn()
    [1]    1  4  3  5  7  3  6  8 22  7  5  4  8  6  3  2  1  5  1  5  3  6  1  3
    [2]    3  2 12
    [3]*   3  7  9  1 30  1 10  3  5  8  5  7  3 11  1 10  1 15  7  3  8  7  5  3 16  6  3 15  4  9 11  3  8  2 14  8  2  1  3  3  1 13  3  1  5  3 21  5  6 11 14  8  9  3
    [4]*  18  1  1  1  3  5  8  1  1 21  7  4  2 11  8  2  7  7 11  7  7  5 13 12  6  3 16  9 13 14 12 11 22 13  4  1 10 11 10  5 10 14  3  1  3 20  2  5  6 14  5  8  6  2  5  5 10  2  5  2  7  4  4  6
    [5]    4  2
                         
# =========================================================
# colValSeqNext( ,pColSize=2 )
    <1> Val : *,    Rem : *,      (SameRow,Rebind)
    <2> Val :  ,    Rem :  ,      (SameRow,Rebind)
    <3> Val : *,    Rem : *,      (SameRow,Rebind)
    <4> Val :  ,    Rem :  ,      (SameRow,Rebind)
    [  1]  5 20     1  8     2 18     6 16
    [  2]  1  1     5  3     5  2     1  9
    [  3]  4  2    12  6    10  3    17  6
    [  4]  8  3    12 13     1  7    16  9
    [  5]  7  7     1  6    11  4     3 12
    [  6]  1  4     2  9     5 17     9 13
    [  7]  4 10              1 12    17  4
    [  8]  1  4              6  8     8  2
    [  9]  6  2              3  8     1  5
    [ 10]                    1  3         
    [ 11]                   10  6         
    [ 12]                    7  9         
    [ 13]                    6  7         
    [ 14]                   10  8         
    [ 15]                   15 13         
    [ 16]                    7  2         
    [ 17]                   11  4         
    [ 18]                    2  1         
    [ 19]                    1  6         
    [ 20]                   21  2         
    [ 21]                    2 11         
    [ 22]                    9 21         
    [ 23]                   15  7         
    [ 24]                    1 11         
    [ 25]                   13  1         
    [ 26]                    4  3         
    [ 27]                    8  3         
    [ 28]                    3  2         
    [ 29]                   13  4         
    [ 30]                    7 21         
    [ 31]                    8  5         
    [ 32]                   13 10         
    [ 33]                    2 14         
    [ 34]                   11  7         
    [ 35]                    5 19         
    [ 36]                   11  4         
    [ 37]                    6  1         
    [ 38]                    9  8         
    [ 39]                    5 11         
                         
# =========================================================
# colValSeqNext( ,pColSize=3 )
    <1> Val :  ,    Rem :  ,      (SameRow,Rebind)
    <2> Val :  ,    Rem :  ,      (SameRow,Rebind)
    <3> Val :  ,    Rem :  ,      (SameRow,Rebind)
    [  1]             12 13  1     5 17  6
                         
