logId:toZ859
# =========================================================
#	Raw Value                                              =
# =========================================================
                                                           
# =========================================================
# anaColEndPtn()
    [1]    1  6  1
    [2]   28  7 20 22 11 10 17
    [3]   27
    [4]   30 25
    [5]   25 37 44 34 36
    [6]   32 34 40 30 43 31 42
                         
# =========================================================
# colValSeqNext( ,pColSize=2 )
    <1> Val :  ,    Rem :  ,      (SameRow,Rebind)
    <2> Val :  ,    Rem :  ,      (SameRow,Rebind)
    <3> Val :  ,    Rem :  ,      (SameRow,Rebind)
    <4> Val :  ,    Rem :  ,      (SameRow,Rebind)
    <5> Val :  ,    Rem : *,      (SameRow,Rebind)
    [  1] 21 23    27 31    16 40    34 39    36 45
    [  2] 18 30             32 36    43 45    21 29
    [  3] 11 16             30 38    14 16    42 43
    [  4]                   26 39    36 43    36 44
    [  5]                            39 44    35 44
    [  6]                            28 44    28 30
    [  7]                            41 45    34 43
    [  8]                            22 42    26 45
    [  9]                            33 39    39 43
    [ 10]                            30 38    34 44
    [ 11]                            18 20    26 27
    [ 12]                                     29 34
    anaMtx_ColVal( cvSeqNextLst[[1]]$fndMtx )
    anaMtx_ColVal( cvSeqNextLst[[2]]$fndMtx )
    anaMtx_ColVal( cvSeqNextLst[[3]]$fndMtx )
    anaMtx_ColVal( cvSeqNextLst[[4]]$fndMtx )
    anaMtx_ColVal( cvSeqNextLst[[5]]$fndMtx )
                         
# =========================================================
# colValSeqNext( ,pColSize=3 )
    <1> Val :  ,    Rem :  ,      (SameRow,Rebind)
    <2> Val :  ,    Rem :  ,      (SameRow,Rebind)
    <3> Val :  ,    Rem :  ,      (SameRow,Rebind)
    <4> Val :  ,    Rem :  ,      (SameRow,Rebind)
                         
# =========================================================
#	cStep                                                  =
# =========================================================
                                                           
# =========================================================
# anaColEndPtn()
    [1]*   6 11  2  4  8 13 13  6  6  4  6 11  5 20  4  6  4  6  5  3  1 11  5  2  4 15  8  5  9  7 19 12  7 14  6 15 13  3  2 12  1 17  1  3  3 15  2
    [2]    6  2  1
    [3]*  11  7  5  4 12  5  2  1  4  4 13  2  4  4
    [4]    9  4 11  4  8 10 14  6  5  1  3  1  9 11  2  9  8  1  6  3 12 18  6 14  2 26  2 18  1 13  4  5  7 10  5  7  9  2  8  2
    [5]*   6 11  2  4  8 13 13  6  6  4  6 11  5 20  4  6  4  6  5  3  1 11  5  2  4 15  8  5  9  7 19 12  7 14  6 15 13  3  2 12  1 17  1  3  3 15  2
                         
# =========================================================
# colValSeqNext( ,pColSize=2 )
    <1> Val :  ,    Rem :  ,      (SameRow,Rebind)
    <2> Val :  ,    Rem :  ,      (SameRow,Rebind)
    <3> Val : *,    Rem : *,      (SameRow,Rebind)
    <4> Val : *, *  Rem : *, *    (SameRow,Rebind)
    [  1]  4  2     6  8     2  2     2 24
    [  2] 16  8     9  5     3  6     7  3
    [  3]                    6  3    10  7
    [  4]                    9  1    11  3
    [  5]                    6 18     4  3
    [  6]                    3  6     4  3
    [  7]                    5  2    16  4
    [  8]                    2 12     2  8
    [  9]                    6 17     7  3
    [ 10]                    9  5    15  9
    [ 11]                   12  3    10  2
    [ 12]                    8  9    15  1
    [ 13]                    6  1     6  1
    [ 14]                    1  2     5 17
    [ 15]                    3 16     4  4
    [ 16]                    5  3     1  5
    [ 17]                   12  3     3 13
    [ 18]                    1  5     1  9
    [ 19]                    3 12     5  5
    [ 20]                    8  8     1 17
    [ 21]                   19  2     2 10
    [ 22]                    4  3     3  7
    [ 23]                    4  2     3  6
    [ 24]                    3  3     6  8
    [ 25]                    3  5     7  6
    [ 26]                             2  2
    [ 27]                            11  9
    [ 28]                             4  5
    [ 29]                            18  3
    [ 30]                             3  4
    [ 31]                             6  3
    [ 32]                             9  1
    [ 33]                             1  6
    [ 34]                             4 18
    [ 35]                             1  2
    [ 36]                             7  2
    [ 37]                             2 21
    [ 38]                             3  9
    [ 39]                             6  3
    [ 40]                             7 13
    [ 41]                             3  3
    [ 42]                             4  3
    [ 43]                             5  7
    [ 44]                            18  1
    [ 45]                             2  7
    [ 46]                             4 14
                         
# =========================================================
# colValSeqNext( ,pColSize=3 )
    <1> Val :  ,    Rem :  ,      (SameRow,Rebind)
    <2> Val :  ,    Rem :  ,      (SameRow,Rebind)
    <3> Val :  ,    Rem :  ,      (SameRow,Rebind)
    [  1]                          2  2 24
    [  2]                          5  3  7
    [  3]                          4  3  9
    [  4]                          3  3  3
                         
