logId:toZ858
# =========================================================
#	Raw Value                                              =
# =========================================================
                                                           
# =========================================================
# anaColEndPtn()
    [1]    3  8 15 12  5 16  2  4
    [2]   
    [3]   
    [4]*  22 32 32 37
    [5]   38 41 43 30 35 45
    [6]*  29 37 37 44 40 43 33
                         
# =========================================================
# colValSeqNext( ,pColSize=2 )
    <1> Val :  ,    Rem :  ,      (SameRow,Rebind)
    <2> Val :  ,    Rem :  ,      (SameRow,Rebind)
    <3> Val :  ,    Rem :  ,      (SameRow,Rebind)
    <4> Val : *,    Rem : *,      (SameRow,Rebind)
    <5> Val : *,    Rem : *,      (SameRow,Rebind)
    [  1] 15 21    14 19    13 20    33 38    33 38
    [  2]  5  6    18 30             25 33    40 41
    [  3] 17 21    12 15             41 45    17 38
    [  4] 19 24    19 25             32 45    33 39
    [  5]  3 19    15 19             28 30    34 38
    [  6] 11 28     6 13             16 18    35 43
    [  7] 13 23     3 22             28 30    30 43
    [  8]  1  2     8 18             29 39    26 30
    [  9]  1  4    16 24             27 28    39 43
    [ 10]  2 16    24 25                      14 21
    [ 11] 28 30                               35 43
    [ 12] 16 23                               17 36
    [ 13]  4  7                                    
    anaMtx_ColVal( cvSeqNextLst[[1]]$fndMtx )
    anaMtx_ColVal( cvSeqNextLst[[2]]$fndMtx )
    anaMtx_ColVal( cvSeqNextLst[[3]]$fndMtx )
    anaMtx_ColVal( cvSeqNextLst[[4]]$fndMtx )
    anaMtx_ColVal( cvSeqNextLst[[5]]$fndMtx )
                         
# =========================================================
# colValSeqNext( ,pColSize=3 )
    <1> Val :  ,    Rem :  ,      (SameRow,Rebind)
    <2> Val :  ,    Rem :  ,      (SameRow,Rebind)
    <3> Val :  ,    Rem :  ,      (SameRow,Rebind)
    <4> Val :  ,    Rem :  ,      (SameRow,Rebind)
    [  1]  2 16 24                                    
                         
# =========================================================
#	cStep                                                  =
# =========================================================
                                                           
# =========================================================
# anaColEndPtn()
    [1]    4 13  9  4  2  6  1  2
    [2]    6  1  4  1  9
    [3]*  15 12  7  8  8  8 13  1  4  7  4 15  6  2  2  8  5  2  2
    [4]*  12 12 14 15 18  1  3  7  5 19  6  3  3  1  2  9  7  6  3 16 11  7 10  7 11  9  4 15 16  3  2 22 12  5 12
    [5]*  24  5  9 26 11  3 24  1  8  7  8  3  9  2  3  1 17  6  1  1  7  7  6  1 16 17 10 20 11  5  2  8 13  1  9  4  4  1  8  3  5  2  1 29  7  2 10 19  1 12
                         
# =========================================================
# colValSeqNext( ,pColSize=2 )
    <1> Val : *,    Rem : *,      (SameRow,Rebind)
    <2> Val :  ,    Rem : *,      (SameRow,Rebind)
    <3> Val :  ,    Rem :  ,      (SameRow,Rebind)
    <4> Val : *,    Rem : *,      (SameRow,Rebind)
    [  1] 11  1     2 10     2  9     9  3
    [  2]  3 18     1 12     6 14    13  1
    [  3] 12 10     3  1     5 15    14  3
    [  4] 13  1     1  4     8  3     5  6
    [  5]  9  7    11  5     1  5     6  4
    [  6]  3  1     1  2    22  5     7  7
    [  7] 12  2     6  7     6  6     8  3
    [  8]  7 10             13  8    22  3
    [  9] 10  7              2 10     7 16
    [ 10]  4  8              3  5     6  5
    [ 11]  1 16                       7  4
    [ 12]  8  3                       3 11
    [ 13]  6  4                       8  2
    [ 14]  3 15                       7  7
    [ 15] 14  8                       6  5
    [ 16] 24  2                      11 14
    [ 17]  4  8                       8  7
    [ 18] 14  1                      11 13
    [ 19]  1  4                       9  6
    [ 20]  1 12                       4  9
    [ 21]                             1 18
    [ 22]                             1  6
    [ 23]                             1  2
    [ 24]                             2 14
    [ 25]                             9  2
    [ 26]                             8  4
                         
# =========================================================
# colValSeqNext( ,pColSize=3 )
    <1> Val :  ,    Rem :  ,      (SameRow,Rebind)
    <2> Val :  ,    Rem :  ,      (SameRow,Rebind)
    <3> Val :  ,    Rem :  ,      (SameRow,Rebind)
    [  1]              1  2 10     2  9  3
    [  2]                          6 14  3
    [  3]                         13  8  7
                         
