logId:toZ819
# =========================================================
#	Raw Value                                              =
# =========================================================
                                                           
# =========================================================
# anaColEndPtn()
    [1]    6  7  2 31  4
    [2]    1 21
    [3]   29 21
    [4]    4 12
    [5]    7 23
    [6]   40 25 32
                         
# =========================================================
# colValSeqNext( ,pColSize=2 )
    <1> Val :  ,    Rem : *,      (SameRow,Rebind)
    <2> Val :  ,    Rem :  ,      (SameRow,Rebind)
    <3> Val :  ,    Rem : *, *    (SameRow,Rebind)
    <4> Val :  ,    Rem :  ,      (SameRow,Rebind)
    <5> Val :  ,    Rem :  ,      (SameRow,Rebind)
    [  1]  3 10    16 20    11 12    14 16    11 16
    [  2] 13 25    22 31    23 32    32 41    28 32
    [  3] 11 28    39 41    19 27    31 34    16 36
    [  4]  8 20             35 38    18 20    23 25
    [  5] 11 18             31 35    11 39    14 25
    [  6]  2  8             31 39    29 35     9 28
    [  7] 18 32             15 43                  
    [  8] 24 26             10 13                  
    [  9] 17 20             24 27                  
    [ 10]  4 21             34 37                  
    [ 11]  1  2             16 29                  
    [ 12] 19 20                                    
    [ 13] 34 41                                    
    [ 14] 32 33                                    
    [ 15] 16 23                                    
    [ 16] 22 25                                    
    [ 17]  4 25                                    
    [ 18]  3  8                                    
    [ 19]  2  9                                    
                         
# =========================================================
# colValSeqNext( ,pColSize=3 )
    <1> Val :  ,    Rem :  ,      (SameRow,Rebind)
    <2> Val :  ,    Rem :  ,      (SameRow,Rebind)
    <3> Val :  ,    Rem :  ,      (SameRow,Rebind)
    <4> Val :  ,    Rem :  ,      (SameRow,Rebind)
    [  1]                                     14 16 36
                         
# =========================================================
#	cStep                                                  =
# =========================================================
                                                           
# =========================================================
# anaColEndPtn()
    [1]    4 11  4  8 10 14  6  5  1  3  1  9 11  2  9  8  1  6  3 12 18  6 14  2 26  2 18  1 13  4  5  7 10  5  7  9  2  8  2
    [2]*  13  3  3 10  1  8  6 15  3  7  2  2  5  4
    [3]*  10  8  1  2 15  3  6 11  3  4 15  3  2  5  5 13 10  2  8  1 14  6 16  9  6  2  8  5  9 10 17  2 12 17  6 16 14  3 10  3  6  4  2 11  2  1  5  4 13  1 19
    [4]    7  1 12  6  2  7  2  5 11  7  2 14  2  3
    [5]    1  6  3
                         
# =========================================================
# colValSeqNext( ,pColSize=2 )
    <1> Val : *, *  Rem : *, *    (SameRow,Rebind)
    <2> Val : *,    Rem : *,      (SameRow,Rebind)
    <3> Val : *,    Rem : *,      (SameRow,Rebind)
    <4> Val : *,    Rem : *,      (SameRow,Rebind)
    [  1]  3  1     6 25    10  3    10  2
    [  2]  7  4    15 11     1  7     4  5
    [  3]  9  1    18  3    11  4     7 13
    [  4] 11  3     2 14     5 17     5 10
    [  5] 11  3    25  1     1 12     9 21
    [  6] 15  3     5  7     6  8     1  2
    [  7]  6  6    10 10     3  8     2 20
    [  8]  8  2     1  2     1  3     2  2
    [  9]  7  1     3 15    10  6     7  2
    [ 10] 14  5    22  1     7  9     6  5
    [ 11] 13  1     7  2     6  7    12  1
    [ 12]  8 10     5  7    10  8     5  5
    [ 13]  2  6     6  2    15 13     3 12
    [ 14] 17  8    13  5     7  2    22  3
    [ 15]  7  2             11  4     6 12
    [ 16]  1  4              2  1     9  5
    [ 17]                    1  6     9 13
    [ 18]                   21  2     6 14
    [ 19]                    2 11     5  3
    [ 20]                    9 21     2 13
    [ 21]                   15  7    12 10
    [ 22]                    1 11     5  9
    [ 23]                   13  1     4  8
    [ 24]                    4  3    12  1
    [ 25]                    8  3     5  1
    [ 26]                    3  2    11 20
    [ 27]                   13  4     1  6
    [ 28]                    7 21     5  2
    [ 29]                    8  5     2  7
    [ 30]                   13 10     2 13
    [ 31]                    2 14     8  3
    [ 32]                   11  7     5  4
    [ 33]                    5 19    21  6
    [ 34]                   11  4     5  1
    [ 35]                    6  1     5  2
    [ 36]                    9  8    14  5
    [ 37]                    5 11    13  7
    [ 38]                            11  2
    [ 39]                             2 11
    [ 40]                             4  1
    [ 41]                            10 14
    [ 42]                             4  5
    [ 43]                             2  7
    [ 44]                            25  4
    [ 45]                             8  4
    [ 46]                             2  3
    [ 47]                            13  2
                         
# =========================================================
# colValSeqNext( ,pColSize=3 )
    <1> Val :  ,    Rem :  ,      (SameRow,Rebind)
    <2> Val :  ,    Rem :  ,      (SameRow,Rebind)
    <3> Val :  ,    Rem :  ,      (SameRow,Rebind)
    [  1] 14  5  7    15 11  4     2 11 20
    [  2]             10 10  6     8  5  1
    [  3]                          2 14  5
    [  4]                         11  4  1
                         
