logId:toZ840
# =========================================================
#	Raw Value                                              =
# =========================================================
                                                           
# =========================================================
# anaColEndPtn()
    [1]    6 14  4  9  8  7
    [2]    7 21 27 10
    [3]   19 37 10  3
    [4]   13
    [5]   
    [6]   
                         
# =========================================================
# colValSeqNext( ,pColSize=2 )
    <1> Val :  ,    Rem :  ,      (SameRow,Rebind)
    <2> Val :  ,    Rem :  ,      (SameRow,Rebind)
    <3> Val : *,    Rem : *,      (SameRow,Rebind)
    <4> Val :  ,    Rem :  ,      (SameRow,Rebind)
    <5> Val :  ,    Rem :  ,      (SameRow,Rebind)
    [  1] 14 15    25 28     7 13    18 20    29 34
    [  2] 33 36     8 19     9 14    25 28     3 21
    [  3] 13 14    14 20     8  9    20 23     2 14
    [  4]          13 32     3 13    31 35     8 14
    [  5]          24 34    25 26    13 26    38 39
    [  6]          13 18    25 30     5 27         
    [  7]          14 29     1  4    25 29         
    [  8]           3 13     7  8    10 15         
    [  9]                    8 23     6  9         
    [ 10]                    7  8    11 37         
    [ 11]                    2  5    11 12         
    [ 12]                    2  3    35 40         
    [ 13]                   17 25    30 38         
    [ 14]                   21 35                  
    anaMtx_ColVal( cvSeqNextLst[[1]]$fndMtx )
    anaMtx_ColVal( cvSeqNextLst[[2]]$fndMtx )
    anaMtx_ColVal( cvSeqNextLst[[3]]$fndMtx )
    anaMtx_ColVal( cvSeqNextLst[[4]]$fndMtx )
    anaMtx_ColVal( cvSeqNextLst[[5]]$fndMtx )
                         
# =========================================================
# colValSeqNext( ,pColSize=3 )
    <1> Val :  ,    Rem :  ,      (SameRow,Rebind)
    <2> Val :  ,    Rem :  ,      (SameRow,Rebind)
    <3> Val :  ,    Rem :  ,      (SameRow,Rebind)
    <4> Val :  ,    Rem :  ,      (SameRow,Rebind)
    [  1]                         21 35 40    30 38 39
                         
# =========================================================
#	cStep                                                  =
# =========================================================
                                                           
# =========================================================
# anaColEndPtn()
    [1]*   9  1 23  9  1  1  3  3  7  9  3  2  1  5  6  4  2  2  5  1  2
    [2]*  16  3 19  4 10  5  9  3  3  7  8  7  1 15  7 12  3  4  5  2  2 12  6  9  3  6  3  9  2  1 12  1  8  5 10  1 10  5  7  1 11  1  3  1 15  2 16  6  2  9 16  2  4  1
    [3]*  28  2  4 12  6  7  8  2  3 19  1  1  4
    [4]*   1  1  3  5  8  1  1 21  7  4  2 11  8  2  7  7 11  7  7  5 13 12  6  3 16  9 13 14 12 11 22 13  4  1 10 11 10  5 10 14  3  1  3 20  2  5  6 14  5  8  6  2  5  5 10  2  5  2  7  4  4  6
    [5]*  15 18  1  3  7  5 19  6  3  3  1  2  9  7  6  3 16 11  7 10  7 11  9  4 15 16  3  2 22 12  5 12
                         
# =========================================================
# colValSeqNext( ,pColSize=2 )
    <1> Val : *, *  Rem : *, *    (SameRow,Rebind)
    <2> Val : *,    Rem : *,      (SameRow,Rebind)
    <3> Val : *,    Rem : *,      (SameRow,Rebind)
    <4> Val :  ,    Rem : *,      (SameRow,Rebind)
    [  1] 15  5     7  1     2  5     5 12
    [  2]  3  9    13  3    10  2    21  3
    [  3]  9  9     4  5     4  5     2  7
    [  4]  3  1    11  1     7 13     1  5
    [  5]  4  1    13  8     5 10     7  1
    [  6]  1 16     2  2     9 21    15  6
    [  7]  4  7     9  4     1  2     7  3
    [  8]  6  3     2  1     2 20     8  9
    [  9]  2  4    13  7     2  2     5 25
    [ 10] 13  9     1 12     7  2     5  1
    [ 11] 11  2     9  1     6  5     9  3
    [ 12]  3  5    20  5    12  1     5  6
    [ 13] 11  4     8  6     5  5     6  2
    [ 14]  7 11     7  3     3 12    11  1
    [ 15]  9 11    10 14    22  3     4  5
    [ 16]  2  2     8  5     6 12    10  6
    [ 17] 10  4     9  9     9  5     1  8
    [ 18]  3 10    13  2     9 13     3 13
    [ 19]  4  2     2  2     6 14     1  3
    [ 20]  4 11    19  8     5  3     1  1
    [ 21]  5  5     1 19     2 13     5  3
    [ 22]  5  5     8 11    12 10     8 14
    [ 23]  4 13     6 11     5  9     7  4
    [ 24] 16 11     1 15     4  8     8  2
    [ 25]  6 14     5 13    12  1     2  3
    [ 26]  3  1    11  3     5  1     2  6
    [ 27]  8  7    14  6    11 20     2  4
    [ 28]  5  1    17  1     1  6     7 13
    [ 29]  5  2     4  2     5  2    12  3
    [ 30]           3  5     2  7     6  5
    [ 31]           8 26     2 13     8  1
    [ 32]           3 21     8  3     1  2
    [ 33]           6  2     5  4         
    [ 34]           1 28    21  6         
    [ 35]          14  6     5  1         
    [ 36]           3 10     5  2         
    [ 37]          13  3    14  5         
    [ 38]           4  1    13  7         
    [ 39]          13  2    11  2         
    [ 40]           2  6     2 11         
    [ 41]           9  6     4  1         
    [ 42]          19  8    10 14         
    [ 43]                    4  5         
    [ 44]                    2  7         
    [ 45]                   25  4         
    [ 46]                    8  4         
    [ 47]                    2  3         
    [ 48]                   13  2         
                         
# =========================================================
# colValSeqNext( ,pColSize=3 )
    <1> Val :  ,    Rem :  ,      (SameRow,Rebind)
    <2> Val :  ,    Rem :  ,      (SameRow,Rebind)
    <3> Val :  ,    Rem :  ,      (SameRow,Rebind)
    [  1]  9  9  4     3 21  6     4  5 12
    [  2]  9 11  3                 9 21  3
    [  3]                          2  2  7
                         
