logId:toZ848
# =========================================================
#	Raw Value                                              =
# =========================================================
                                                           
# =========================================================
# anaColEndPtn()
    [1]   17 12  3 11
    [2]    1 12
    [3]   15 25 21 20
    [4]*  32 32 37
    [5]   45 40 25 32
    [6]*  44 44 34 21 31 45 45 34 35 45 36 43 40
                         
# =========================================================
# colValSeqNext( ,pColSize=2 )
    <1> Val :  ,    Rem :  ,      (SameRow,Rebind)
    <2> Val :  ,    Rem :  ,      (SameRow,Rebind)
    <3> Val : *, *  Rem : *, *    (SameRow,Rebind)
    <4> Val :  ,    Rem :  ,      (SameRow,Rebind)
    <5> Val :  ,    Rem :  ,      (SameRow,Rebind)
    [  1] 13 15    15 40    33 45    17 33    30 35
    [  2]  3 23    24 41    16 18    18 27    31 36
    [  3] 24 27    14 20    19 26    39 44    33 35
    [  4] 15 27    18 21    19 26    28 35         
    [  5] 19 20    15 19    14 28    26 31         
    [  6] 26 27    16 20    17 30    29 36         
    [  7] 17 20             10 11    37 40         
    [  8] 11 17              9 25    31 34         
    [  9]                   20 29    31 40         
    [ 10]                   33 35    30 33         
    [ 11]                   23 25    25 29         
    [ 12]                            11 16         
    anaMtx_ColVal( cvSeqNextLst[[1]]$fndMtx )
    anaMtx_ColVal( cvSeqNextLst[[2]]$fndMtx )
    anaMtx_ColVal( cvSeqNextLst[[3]]$fndMtx )
    anaMtx_ColVal( cvSeqNextLst[[4]]$fndMtx )
    anaMtx_ColVal( cvSeqNextLst[[5]]$fndMtx )
                         
# =========================================================
# colValSeqNext( ,pColSize=3 )
    <1> Val :  ,    Rem :  ,      (SameRow,Rebind)
    <2> Val :  ,    Rem :  ,      (SameRow,Rebind)
    <3> Val :  ,    Rem :  ,      (SameRow,Rebind)
    <4> Val :  ,    Rem :  ,      (SameRow,Rebind)
    [  1] 13 15 40                16 18 27    30 33 35
                         
# =========================================================
#	cStep                                                  =
# =========================================================
                                                           
# =========================================================
# anaColEndPtn()
    [1]*   1  3  9 15  2 12  5  5  1  5
    [2]    3  2  1
    [3]*   9 12  4  7  6  6 14  2  7  4 11  5  1  6  8  8  4 11  7  2  2 16
    [4]*   1 13  6  9  2  2  9  1  1  2 10  2  6  7  7  4 10 19  9 13  3  5  1  4  3  7  2  1 14  5  3  6  6  4  6  5  4 10 15  1  9  4  3 10  1  4 13  5  7 21
    [5]    2  1  6  4  1 12  5  1  3  6  1
                         
# =========================================================
# colValSeqNext( ,pColSize=2 )
    <1> Val :  ,    Rem :  ,      (SameRow,Rebind)
    <2> Val : *,    Rem : *, *    (SameRow,Rebind)
    <3> Val : *, *  Rem : *, *    (SameRow,Rebind)
    <4> Val : *,    Rem : *,      (SameRow,Rebind)
    [  1]  2 25     6  3     2 12     1  4
    [  2]  1  5     1  8     1  7     1  8
    [  3]  4 19     1 12     5  2     5  8
    [  4]  5  9    13  4     4  6     1  8
    [  5] 14 11     2  9     2  9     6  7
    [  6] 11  4     1  8     2 20     6 11
    [  7]  7  6     1 18     6  9     4 11
    [  8]  2  4     1 20     2  8    15  3
    [  9]  3  5     9 10     1  6    13  8
    [ 10]  4 16     3  4     2  9    16  6
    [ 11]           5  2     3 14     3  2
    [ 12]          16  7     5  7     2  6
    [ 13]           1  1     5  7    16 11
    [ 14]           5  8     3 19     2  2
    [ 15]           4  3     4  3     6 19
    [ 16]           2  4     2  2    16  5
    [ 17]           1  3     4  6         
    [ 18]           5  1     2  4         
    [ 19]                    9  2         
    [ 20]                    1  3         
    [ 21]                   11  9         
    [ 22]                    4 11         
    [ 23]                    5  1         
    [ 24]                    1  3         
    [ 25]                   12 20         
    [ 26]                    3  6         
    [ 27]                    2 18         
    [ 28]                    8  2         
    [ 29]                    5  1         
    [ 30]                    1  4         
    [ 31]                    1 10         
    [ 32]                    9  4         
    [ 33]                    1 12         
    [ 34]                    7 11         
    [ 35]                    7  8         
    [ 36]                    5 10         
    [ 37]                    3  1         
    [ 38]                    7  6         
                         
# =========================================================
# colValSeqNext( ,pColSize=3 )
    <1> Val :  ,    Rem :  ,      (SameRow,Rebind)
    <2> Val :  ,    Rem :  ,      (SameRow,Rebind)
    <3> Val :  ,    Rem :  ,      (SameRow,Rebind)
                         
