logId:toZ857
# =========================================================
#	Raw Value                                              =
# =========================================================
                                                           
# =========================================================
# anaColEndPtn()
    [1]    9  7  5 12 22 18
    [2]   16
    [3]   35
    [4]   38
    [5]*  45 43 45 34 34 40 36 45 43 45 45 26
    [6]   28 39 27 35 38 40 45 32 43 45 29
                         
# =========================================================
# colValSeqNext( ,pColSize=2 )
    <1> Val :  ,    Rem :  ,      (SameRow,Rebind)
    <2> Val :  ,    Rem :  ,      (SameRow,Rebind)
    <3> Val : *,    Rem : *,      (SameRow,Rebind)
    <4> Val :  ,    Rem :  ,      (SameRow,Rebind)
    <5> Val :  ,    Rem : *,      (SameRow,Rebind)
    [  1] 11 12    37 43    39 45    28 30    43 44
    [  2]  6 29    35 40    31 35    23 40    24 42
    [  3]                   27 38    34 44    39 43
    [  4]                   43 45    30 39    38 43
    [  5]                   38 41    23 24    27 31
    [  6]                   40 44    28 36    36 41
    [  7]                   35 43    38 43    38 40
    [  8]                   25 35    25 28    39 41
    [  9]                   35 43    44 45    30 35
    [ 10]                   37 39    37 38    36 40
    [ 11]                   22 25    28 35    33 35
    [ 12]                   40 42             20 25
    [ 13]                   27 28                  
    [ 14]                   31 34                  
    [ 15]                   40 42                  
    [ 16]                   27 40                  
    anaMtx_ColVal( cvSeqNextLst[[1]]$fndMtx )
    anaMtx_ColVal( cvSeqNextLst[[2]]$fndMtx )
    anaMtx_ColVal( cvSeqNextLst[[3]]$fndMtx )
    anaMtx_ColVal( cvSeqNextLst[[4]]$fndMtx )
    anaMtx_ColVal( cvSeqNextLst[[5]]$fndMtx )
                         
# =========================================================
# colValSeqNext( ,pColSize=3 )
    <1> Val :  ,    Rem :  ,      (SameRow,Rebind)
    <2> Val :  ,    Rem :  ,      (SameRow,Rebind)
    <3> Val :  ,    Rem :  ,      (SameRow,Rebind)
    <4> Val :  ,    Rem :  ,      (SameRow,Rebind)
    [  1]                         22 25 28    30 39 43
    [  2]                         27 28 35    28 36 41
                         
# =========================================================
#	cStep                                                  =
# =========================================================
                                                           
# =========================================================
# anaColEndPtn()
    [1]    3 12 10  1  4
    [2]*   5  1  9  7 12  1 15 10  3  3  6
    [3]*  15  8  8 10  3  2  1  3  4 17  2  7  1  3 13  1  9  4  6  2 21  2  9  4  5 14  8  5 13 15 11  5  8  2 15  1  2  3  3  3  3  8 12  1  4  7  1  5  6  2  9  3  8  7 21  1 10  5  1 17  2  5  2  4  1  3  3  4  7  8 12  8 19  2  2  1  2 11
    [4]    6  5
    [5]*   3  7  7  2  2  1 11 10  6  3 12 10  2 14  4  2 10  8 15  1  1  7  3  7  9 11  9 16 15  2 10  2  6  1  2  2  3  3 15  4 27  6  7  3 11 20  2  2  1  7  6  9  2  4  2 10  3  6  9  1 15
                         
# =========================================================
# colValSeqNext( ,pColSize=2 )
    <1> Val :  ,    Rem :  ,      (SameRow,Rebind)
    <2> Val :  ,    Rem :  ,      (SameRow,Rebind)
    <3> Val : *,    Rem : *,      (SameRow,Rebind)
    <4> Val : *,    Rem : *,      (SameRow,Rebind)
    [  1]           5  5    10  1     7 17
    [  2]           4  5     1  3     7  1
    [  3]           6  9     3  4    13  3
    [  4]                    3  1     4  5
    [  5]                   10  7    11  1
    [  6]                    3  5    13  8
    [  7]                    3  3     2  2
    [  8]                    5 12     9  4
    [  9]                    3  7     2  1
    [ 10]                   13  2    13  7
    [ 11]                   11  1     1 12
    [ 12]                    1 10     9  1
    [ 13]                    2  3    20  5
    [ 14]                    9  3     8  6
    [ 15]                    4  3     7  3
    [ 16]                    1  1    10 14
    [ 17]                    4  6     8  5
    [ 18]                    1  9     9  9
    [ 19]                    3  3    13  2
    [ 20]                    8  9     2  2
    [ 21]                    3  2    19  8
    [ 22]                    9  1     1 19
    [ 23]                   12  5     8 11
    [ 24]                    8 17     6 11
    [ 25]                    1  3     1 15
    [ 26]                    2 20     5 13
    [ 27]                    5  8    11  3
    [ 28]                   26  2    14  6
    [ 29]                    1  7    17  1
    [ 30]                    4  1     4  2
    [ 31]                    7  4     3  5
    [ 32]                    3 13     8 26
    [ 33]                    6  4     3 21
    [ 34]                   21  9     6  2
    [ 35]                   10  1     1 28
    [ 36]                    5 13    14  6
    [ 37]                    9  4     3 10
    [ 38]                    4  3    13  3
    [ 39]                   19  6     4  1
    [ 40]                    4  1    13  2
    [ 41]                   15  5     2  6
    [ 42]                    4  6     9  6
    [ 43]                            19  8
                         
# =========================================================
# colValSeqNext( ,pColSize=3 )
    <1> Val :  ,    Rem :  ,      (SameRow,Rebind)
    <2> Val :  ,    Rem :  ,      (SameRow,Rebind)
    <3> Val :  ,    Rem :  ,      (SameRow,Rebind)
    [  1]              6  9  4     1 10 14
    [  2]                         12  5 13
    [  3]                          8 17  1
    [  4]                          5 13  3
                         
