logId:toZ845
# =========================================================
#	Raw Value                                              =
# =========================================================
                                                           
# =========================================================
# anaColEndPtn()
    [1]   26 10  8
    [2]    8
    [3]   24  5 27 11 30
    [4]   27 12 39
    [5]*  33 33 34 39 29 41 38
    [6]   30 42 34 41 42 39 21 41 40 42
                         
# =========================================================
# colValSeqNext( ,pColSize=2 )
    <1> Val :  ,    Rem : *,      (SameRow,Rebind)
    <2> Val : *,    Rem : *,      (SameRow,Rebind)
    <3> Val :  ,    Rem : *,      (SameRow,Rebind)
    <4> Val :  ,    Rem :  ,      (SameRow,Rebind)
    <5> Val :  ,    Rem : *, *    (SameRow,Rebind)
    [  1]  3  6    12 29    23 27             36 38
    [  2] 11 18    16 17     6 26             19 23
    [  3]  8 21    24 28    26 28             39 43
    [  4] 12 23     2  5    29 32             21 29
    [  5] 13 22     5  6    21 22                  
    [  6]  7 13    22 27    11 13                  
    [  7] 28 40     4 13     8 19                  
    [  8]  4 18     4 21     5  9                  
    [  9] 18 31    14 17    37 39                  
    [ 10]  3 10     3  7     2 18                  
    [ 11] 34 36    17 21    25 29                  
    [ 12]  1  8    12 37    17 26                  
    [ 13]  2  4    14 17    18 19                  
    anaMtx_ColVal( cvSeqNextLst[[1]]$fndMtx )
    anaMtx_ColVal( cvSeqNextLst[[2]]$fndMtx )
    anaMtx_ColVal( cvSeqNextLst[[3]]$fndMtx )
    anaMtx_ColVal( cvSeqNextLst[[4]]$fndMtx )
    anaMtx_ColVal( cvSeqNextLst[[5]]$fndMtx )
                         
# =========================================================
# colValSeqNext( ,pColSize=3 )
    <1> Val :  ,    Rem :  ,      (SameRow,Rebind)
    <2> Val :  ,    Rem :  ,      (SameRow,Rebind)
    <3> Val :  ,    Rem :  ,      (SameRow,Rebind)
    <4> Val :  ,    Rem :  ,      (SameRow,Rebind)
    [  1]              4 21 22                        
    [  2]             14 17 26                        
                         
# =========================================================
#	cStep                                                  =
# =========================================================
                                                           
# =========================================================
# anaColEndPtn()
    [1]*   8  8 10  3  2  1  3  4 17  2  7  1  3 13  1  9  4  6  2 21  2  9  4  5 14  8  5 13 15 11  5  8  2 15  1  2  3  3  3  3  8 12  1  4  7  1  5  6  2  9  3  8  7 21  1 10  5  1 17  2  5  2  4  1  3  3  4  7  8 12  8 19  2  2  1  2 11
    [2]*  14 17  1  1  1  2  9  5  2  5  3  6  3  3  7 25
    [3]*   7 16  3 19  4 10  5  9  3  3  7  8  7  1 15  7 12  3  4  5  2  2 12  6  9  3  6  3  9  2  1 12  1  8  5 10  1 10  5  7  1 11  1  3  1 15  2 16  6  2  9 16  2  4  1
    [4]   13 11  7  6
    [5]    4  6  3 17
                         
# =========================================================
# colValSeqNext( ,pColSize=2 )
    <1> Val : *,    Rem : *,      (SameRow,Rebind)
    <2> Val : *,    Rem : *,      (SameRow,Rebind)
    <3> Val :  ,    Rem :  ,      (SameRow,Rebind)
    <4> Val :  ,    Rem :  ,      (SameRow,Rebind)
    [  1]  6 12     8  5    13  2         
    [  2]  3  8    12 13     4 12         
    [  3] 11  8     2  6     6  7         
    [  4]  3  4     6  2     1  1         
    [  5]  4  7     9  9                  
    [  6]  4  9     1  8                  
    [  7]  5  3     2  7                  
    [  8]  2  2     1  2                  
    [  9]  8  1    17  1                  
    [ 10] 17  9     7  4                  
    [ 11]  4  1     5  4                  
    [ 12]  3 16     2  7                  
    [ 13]  7  2     7  2                  
    [ 14]  2 14     2  1                  
    [ 15]  7  2     6 15                  
    [ 16] 18  2    16 10                  
    [ 17] 11  4    12  1                  
    [ 18]  2 11     9 11                  
    [ 19]  1 16    10 11                  
    [ 20]  7  2     2  3                  
    [ 21]  6  4     9  1                  
    [ 22]  6  5     4  7                  
    [ 23]  1  3    21  2                  
    [ 24]  7  1     3  9                  
    [ 25]  8  7     8 21                  
    [ 26]  1  6                           
    [ 27]  9  1                           
                         
# =========================================================
# colValSeqNext( ,pColSize=3 )
    <1> Val :  ,    Rem :  ,      (SameRow,Rebind)
    <2> Val :  ,    Rem :  ,      (SameRow,Rebind)
    <3> Val :  ,    Rem :  ,      (SameRow,Rebind)
    [  1]  4  1  8                        
    [  2] 18  2  1                        
    [  3]  1 16 10                        
                         
