logId:toZ832
# =========================================================
#	Raw Value                                              =
# =========================================================
                                                           
# =========================================================
# anaColEndPtn()
    [1]*  10  2  1 11  3  1  7  7 12  3 18
    [2]    6  7  6
    [3]   19 32
    [4]   32
    [5]   20 22 31 23 29 32 25 30
    [6]*  37 45 39 39 43 20 25 40 39
                         
# =========================================================
# colValSeqNext( ,pColSize=2 )
    <1> Val :  ,    Rem :  ,      (SameRow,Rebind)
    <2> Val :  ,    Rem :  ,      (SameRow,Rebind)
    <3> Val :  ,    Rem :  ,      (SameRow,Rebind)
    <4> Val :  ,    Rem :  ,      (SameRow,Rebind)
    <5> Val :  ,    Rem :  ,      (SameRow,Rebind)
    [  1]  1 21    18 30    30 36    22 27    43 45
    [  2]  4  6    12 15    21 28    34 40    25 43
    [  3] 12 14    19 25    14 22    10 12    26 33
    [  4]  3 13    15 19    20 30    14 21    27 31
    [  5]  6 14     6 13    23 28             36 39
    [  6]  2 17     3 22    19 36             31 34
    [  7]  5 18     8 18    12 18                  
    [  8] 16 27    16 24     5 18                  
    [  9]  7 11    24 25    12 15                  
    [ 10]                   27 30                  
    anaMtx_ColVal( cvSeqNextLst[[1]]$fndMtx )
    anaMtx_ColVal( cvSeqNextLst[[2]]$fndMtx )
    anaMtx_ColVal( cvSeqNextLst[[3]]$fndMtx )
    anaMtx_ColVal( cvSeqNextLst[[4]]$fndMtx )
    anaMtx_ColVal( cvSeqNextLst[[5]]$fndMtx )
                         
# =========================================================
# colValSeqNext( ,pColSize=3 )
    <1> Val :  ,    Rem :  ,      (SameRow,Rebind)
    <2> Val :  ,    Rem :  ,      (SameRow,Rebind)
    <3> Val :  ,    Rem :  ,      (SameRow,Rebind)
    <4> Val :  ,    Rem :  ,      (SameRow,Rebind)
    [  1]             18 30 36    14 22 27            
                         
# =========================================================
#	cStep                                                  =
# =========================================================
                                                           
# =========================================================
# anaColEndPtn()
    [1]*  20  1  2 13  1  7  7  2  5  4  4  9  2  6  6  3  1  2  5  6  5  8 13 15  2 15 13  7  3  1  6 13  8 19 13  9  5 24 17 13 17  4 22 11
    [2]*   5  5  1 18  3 13  5 13 24  2  3  3
    [3]*   9  1 30  1 10  3  5  8  5  7  3 11  1 10  1 15  7  3  8  7  5  3 16  6  3 15  4  9 11  3  8  2 14  8  2  1  3  3  1 13  3  1  5  3 21  5  6 11 14  8  9  3
    [4]   13 11
    [5]*  11  4 21 10 20  2  3  1 16  4  1  4  9  8  9  3  2  9  2  2  4  7  1 11  2  1  2  7  6  7  1  4
                         
# =========================================================
# colValSeqNext( ,pColSize=2 )
    <1> Val : *,    Rem : *, *    (SameRow,Rebind)
    <2> Val : *,    Rem : *,      (SameRow,Rebind)
    <3> Val :  ,    Rem : *,      (SameRow,Rebind)
    <4> Val :  ,    Rem :  ,      (SameRow,Rebind)
    [  1]  3  8     1 10     7 15     3 10
    [  2] 10  4     4  8     2  1     2  4
    [  3]  7  9     9  5     8  5     9  9
    [  4]  2  4     3  6     2 15         
    [  5]  3 23    10  4     9  6         
    [  6] 14  4     3  9     2  8         
    [  7] 12  1    15  1    26  1         
    [  8]  2 22    12  6    12  5         
    [  9]  1  4     1  8     9 12         
    [ 10]  6  3     1  6    11  1         
    [ 11]  7  9    14  3     1  2         
    [ 12]  6  4    10  2                  
    [ 13]  6 14     7  3                  
    [ 14]  8  8     5  8                  
    [ 15]  6 22     2  8                  
    [ 16]           1  6                  
    [ 17]           1  1                  
    [ 18]          12  3                  
    [ 19]           9  4                  
    [ 20]           1  4                  
    [ 21]           5  8                  
    [ 22]           5  9                  
    [ 23]           1  1                  
    [ 24]          11  2                  
    [ 25]           4 13                  
    [ 26]           2  1                  
    [ 27]          12  2                  
    [ 28]           2  3                  
    [ 29]           1  2                  
                         
# =========================================================
# colValSeqNext( ,pColSize=3 )
    <1> Val :  ,    Rem :  ,      (SameRow,Rebind)
    <2> Val :  ,    Rem :  ,      (SameRow,Rebind)
    <3> Val :  ,    Rem :  ,      (SameRow,Rebind)
                         
