logId:toZ860
# =========================================================
#	Raw Value                                              =
# =========================================================
                                                           
# =========================================================
# anaColEndPtn()
    [1]   33 21 14  9
    [2]   26
    [3]   43 41 11
    [4]   36 41 31 39 29 33 45 39
    [5]*  44 39 28 44 26 45 30 43 43 44 44
    [6]   42 31 44 45 40 27
                         
# =========================================================
# colValSeqNext( ,pColSize=2 )
    <1> Val :  ,    Rem :  ,      (SameRow,Rebind)
    <2> Val :  ,    Rem :  ,      (SameRow,Rebind)
    <3> Val :  ,    Rem :  ,      (SameRow,Rebind)
    <4> Val :  ,    Rem :  ,      (SameRow,Rebind)
    <5> Val :  ,    Rem : *,      (SameRow,Rebind)
    [  1] 19 23    39 41    19 30    38 39    35 42
    [  2]          41 44    27 28    34 39    34 42
    [  3]          31 33    14 25    43 45    20 27
    [  4]                   14 20    14 16    26 27
    [  5]                   33 39    36 43    35 40
    [  6]                   26 29    39 44    36 43
    [  7]                   21 30    28 44    37 39
    [  8]                   21 23    41 45    15 23
    [  9]                            22 42    36 37
    [ 10]                            33 39    25 29
    [ 11]                            30 38    40 41
    [ 12]                            18 20    22 42
    [ 13]                                     42 45
    [ 14]                                     23 34
    [ 15]                                     36 39
    anaMtx_ColVal( cvSeqNextLst[[1]]$fndMtx )
    anaMtx_ColVal( cvSeqNextLst[[2]]$fndMtx )
    anaMtx_ColVal( cvSeqNextLst[[3]]$fndMtx )
    anaMtx_ColVal( cvSeqNextLst[[4]]$fndMtx )
    anaMtx_ColVal( cvSeqNextLst[[5]]$fndMtx )
                         
# =========================================================
# colValSeqNext( ,pColSize=3 )
    <1> Val :  ,    Rem :  ,      (SameRow,Rebind)
    <2> Val :  ,    Rem :  ,      (SameRow,Rebind)
    <3> Val :  ,    Rem :  ,      (SameRow,Rebind)
    <4> Val :  ,    Rem :  ,      (SameRow,Rebind)
    [  1]                         21 30 38            
                         
# =========================================================
#	cStep                                                  =
# =========================================================
                                                           
# =========================================================
# anaColEndPtn()
    [1]    2 14 10 15  9  2  1
    [2]   
    [3]*   1  1  2  2  1  6  6  8  5  6 12  7  1  2  8 10  9  2 18 13 12  6 19  5  4 11  1  8 12 12  5 18  1  8 11  3  4  2
    [4]*   4  3  7  7  2  2  1 11 10  6  3 12 10  2 14  4  2 10  8 15  1  1  7  3  7  9 11  9 16 15  2 10  2  6  1  2  2  3  3 15  4 27  6  7  3 11 20  2  2  1  7  6  9  2  4  2 10  3  6  9  1 15
    [5]*   3  3  8  5  6  9 10  3  6 20  3  7  6  3  5  1  9  3  3  1 15  4 10 11 18  2  2  1  2  8  1 13  4 13  1  1  5 13  5  9  3  1  1
                         
# =========================================================
# colValSeqNext( ,pColSize=2 )
    <1> Val :  ,    Rem :  ,      (SameRow,Rebind)
    <2> Val : *,    Rem : *,      (SameRow,Rebind)
    <3> Val : *,    Rem : *,      (SameRow,Rebind)
    <4> Val : *,    Rem : *,      (SameRow,Rebind)
    [  1] 10  2     1  1     1  4    12  6
    [  2]  6  9     1  4     2 18    10  1
    [  3]           5  6     5  2     1  3
    [  4]           5  3    10  3     3  4
    [  5]           6  8     1  7     3  1
    [  6]          13 12    11  4    10  7
    [  7]           1  9     5 17     3  5
    [  8]          15  2     1 12     3  3
    [  9]           1 15     6  8     5 12
    [ 10]           1  1     3  8     3  7
    [ 11]           3 11     1  3    13  2
    [ 12]           3  3    10  6    11  1
    [ 13]           1  3     7  9     1 10
    [ 14]           8  5     6  7     2  3
    [ 15]                   10  8     9  3
    [ 16]                   15 13     4  3
    [ 17]                    7  2     1  1
    [ 18]                   11  4     4  6
    [ 19]                    2  1     1  9
    [ 20]                    1  6     3  3
    [ 21]                   21  2     8  9
    [ 22]                    2 11     3  2
    [ 23]                    9 21     9  1
    [ 24]                   15  7    12  5
    [ 25]                    1 11     8 17
    [ 26]                   13  1     1  3
    [ 27]                    4  3     2 20
    [ 28]                    8  3     5  8
    [ 29]                    3  2    26  2
    [ 30]                   13  4     1  7
    [ 31]                    7 21     4  1
    [ 32]                    8  5     7  4
    [ 33]                   13 10     3 13
    [ 34]                    2 14     6  4
    [ 35]                   11  7    21  9
    [ 36]                    5 19    10  1
    [ 37]                   11  4     5 13
    [ 38]                    6  1     9  4
    [ 39]                    9  8     4  3
    [ 40]                    5 11    19  6
    [ 41]                             4  1
    [ 42]                            15  5
    [ 43]                             4  6
                         
# =========================================================
# colValSeqNext( ,pColSize=3 )
    <1> Val :  ,    Rem :  ,      (SameRow,Rebind)
    <2> Val :  ,    Rem :  ,      (SameRow,Rebind)
    <3> Val :  ,    Rem :  ,      (SameRow,Rebind)
    [  1]              1  9 21    11  4  3
    [  2]              8  5 11     4  3 13
    [  3]                          7 21  9
                         
