logId:toZ823
# =========================================================
#	Raw Value                                              =
# =========================================================
                                                           
# =========================================================
# anaColEndPtn()
    [1]    5  7 14  6  1  3  5  1
    [2]   13 10  7
    [3]*  14 19 11 17 18 18
    [4]   28 25 29 34 24 11
    [5]   13 31 21 25
    [6]   25 32
                         
# =========================================================
# colValSeqNext( ,pColSize=2 )
    <1> Val :  ,    Rem :  ,      (SameRow,Rebind)
    <2> Val : *,    Rem : *,      (SameRow,Rebind)
    <3> Val :  ,    Rem :  ,      (SameRow,Rebind)
    <4> Val :  ,    Rem : *,      (SameRow,Rebind)
    <5> Val :  ,    Rem :  ,      (SameRow,Rebind)
    [  1] 12 17    22 27    16 27    38 42    31 39
    [  2]  8 11    16 23    20 32    23 27    25 38
    [  3] 10 14    12 13    23 27    29 33    24 25
    [  4] 14 19    28 37    17 31    23 31    34 37
    [  5]  1  5    18 29    29 31    42 43    28 30
    [  6]          32 33    18 30    32 35    37 40
    [  7]           9 12    26 30    27 29         
    [  8]          26 27    25 35    16 24         
    [  9]          22 23    24 29    33 37         
    [ 10]          28 37    20 24    27 30         
    [ 11]          17 18    24 27     5  6         
    [ 12]                   28 37    17 28         
    [ 13]                   23 25    21 23         
    [ 14]                   28 29    20 21         
    [ 15]                            14 32         
    [ 16]                             3 10         
    [ 17]                            11 14         
    [ 18]                            24 25         
    anaMtx_ColVal( cvSeqNextLst[[1]]$fndMtx )
    anaMtx_ColVal( cvSeqNextLst[[2]]$fndMtx )
    anaMtx_ColVal( cvSeqNextLst[[3]]$fndMtx )
    anaMtx_ColVal( cvSeqNextLst[[4]]$fndMtx )
    anaMtx_ColVal( cvSeqNextLst[[5]]$fndMtx )
                         
# =========================================================
# colValSeqNext( ,pColSize=3 )
    <1> Val :  ,    Rem :  ,      (SameRow,Rebind)
    <2> Val :  ,    Rem :  ,      (SameRow,Rebind)
    <3> Val :  ,    Rem :  ,      (SameRow,Rebind)
    <4> Val :  ,    Rem :  ,      (SameRow,Rebind)
    [  1]             16 23 27    20 32 35    16 24 25
    [  2]             22 23 25    23 27 29            
                         
# =========================================================
#	cStep                                                  =
# =========================================================
                                                           
# =========================================================
# anaColEndPtn()
    [1]    7  1  4  1  6 13 12  8
    [2]*   5 12  8 17  8  1 20  2  2  8  1  4  1  6  9  2 10 20  6  8 12  2  2  3  6  5  2  5  8  5  7 24 13  1  9  3  7 11  1  8  6 14  1  5  8  3  8 12 11  8 15  1  1  1 11 16  3  1  1 10  4 10  5  3  1 14  1 11  2  1 15  6  1  5  1  1  1 14
    [3]    1 17 27 10  5 16  5 15 14 10  4  2 13  3
    [4]*   2  1  8  6  2  4  8  4  1  6  3  1  8  2 14  1  8 25  6  1  7 26  5  1  1  1  1  1  4  1  3
    [5]    2  3  4 21  1
                         
# =========================================================
# colValSeqNext( ,pColSize=2 )
    <1> Val : *,    Rem : *,      (SameRow,Rebind)
    <2> Val : *,    Rem : *,      (SameRow,Rebind)
    <3> Val : *,    Rem : *,      (SameRow,Rebind)
    <4> Val : *,    Rem : *,      (SameRow,Rebind)
    [  1]  4  1     8  3     1  9     1  6
    [  2]  6 17    20  2    24  3    10  2
    [  3] 20  4     7  5    10  9     6  1
    [  4]  3  3     3 27     8  3     2  3
    [  5]  7  1    11 19    17  5     1  1
    [  6]  5  1     1  8     2 19    19  2
    [  7]  4  6    12  5     1 14     1  3
    [  8]  1 11     6  1     3  5     3  2
    [  9] 13  9     6  7    12  3     1  2
    [ 10]  2 18     7 15     7  6     6  3
    [ 11] 12  9    12  6     4  2     8  1
    [ 12]  2  6     7  4     4  6    15  1
    [ 13]  5  1    14 13    24  1     5  3
    [ 14]  8 15     6  9     1  7     8 10
    [ 15] 12  2     2  1     4  5     5  2
    [ 16]  3 19     5 19     1  2     2 16
    [ 17]  8 15     8  9    20  5    28  1
    [ 18]  1  1     3 17     2  4     1  1
    [ 19]           2 10     4  2     3  5
    [ 20]           7  2     6  9     2 13
    [ 21]          13  1     1  2     1  9
    [ 22]           3  9     9  7    20  3
    [ 23]           7 12     8  2     8  2
    [ 24]           2  3     4 21     4  8
    [ 25]          11 15     5  1         
    [ 26]           1  2    13  3         
    [ 27]           4  5     6  3         
    [ 28]          16  4    18  8         
    [ 29]           3 13     8  4         
    [ 30]          10  4     4  5         
    [ 31]           1  2    21  6         
    [ 32]           5  1    13  1         
    [ 33]          16  2     2  7         
    [ 34]          11  9     2  3         
    [ 35]           1  1     5  2         
    [ 36]           3  3    10  9         
    [ 37]           4 15     7 10         
                         
# =========================================================
# colValSeqNext( ,pColSize=3 )
    <1> Val :  ,    Rem :  ,      (SameRow,Rebind)
    <2> Val :  ,    Rem :  ,      (SameRow,Rebind)
    <3> Val :  ,    Rem :  ,      (SameRow,Rebind)
    [  1]  7  1  8     6  1 14    13  1  9
    [  2]              6  7  6            
    [  3]              7  4  2            
                         
