logId:toZ844
# =========================================================
#	Raw Value                                              =
# =========================================================
                                                           
# =========================================================
# anaColEndPtn()
    [1]   18 25  6 22 15 10
    [2]    9 18 25 24 30 35
    [3]*  31 26 26 33 33
    [4]   27 44
    [5]   33 38 39 31 35 24 43
    [6]   27 40 26 42 35 36 40 42
                         
# =========================================================
# colValSeqNext( ,pColSize=2 )
    <1> Val :  ,    Rem : *,      (SameRow,Rebind)
    <2> Val :  ,    Rem :  ,      (SameRow,Rebind)
    <3> Val :  ,    Rem : *,      (SameRow,Rebind)
    <4> Val :  ,    Rem : *,      (SameRow,Rebind)
    <5> Val :  ,    Rem :  ,      (SameRow,Rebind)
    [  1] 12 14    33 35    36 39    16 17    12 28
    [  2] 18 19    12 14    33 36    18 34    38 42
    [  3] 18 28    29 34     8 33    33 35    38 44
    [  4] 15 18    20 27    25 35    10 38    33 43
    [  5] 30 34             22 35    35 41    37 42
    [  6] 21 23             13 18    34 42    13 22
    [  7] 20 24             28 33    41 44    25 41
    [  8] 27 28             22 30    29 31    34 41
    [  9] 10 19             36 37    29 33    23 31
    [ 10] 33 35                      37 43         
    [ 11] 18 29                      35 39         
    [ 12]  9 24                      21 34         
    [ 13] 19 20                      20 34         
    [ 14] 35 38                                    
    [ 15] 30 31                                    
    anaMtx_ColVal( cvSeqNextLst[[1]]$fndMtx )
    anaMtx_ColVal( cvSeqNextLst[[2]]$fndMtx )
    anaMtx_ColVal( cvSeqNextLst[[3]]$fndMtx )
    anaMtx_ColVal( cvSeqNextLst[[4]]$fndMtx )
    anaMtx_ColVal( cvSeqNextLst[[5]]$fndMtx )
                         
# =========================================================
# colValSeqNext( ,pColSize=3 )
    <1> Val :  ,    Rem :  ,      (SameRow,Rebind)
    <2> Val :  ,    Rem :  ,      (SameRow,Rebind)
    <3> Val :  ,    Rem :  ,      (SameRow,Rebind)
    <4> Val :  ,    Rem :  ,      (SameRow,Rebind)
    [  1]                         25 35 41    20 34 41
    [  2]                         22 35 39            
                         
# =========================================================
#	cStep                                                  =
# =========================================================
                                                           
# =========================================================
# anaColEndPtn()
    [1]*   6  4  7  6  5  3 17  2  3  4  3  3 14  3  6
    [2]*   9  9  2  9  5  6 16 10  4  3  8  1  1
    [3]*   8 17 11  8  4  1  7  8  3  5  3  3  3  9  6  9  6 17  7 11  4  4  9  5  2  9  9  2  1  6  8  4  6  3  2  1  1 13  3  5 14  8
    [4]*   1  1  1  3  5  8  1  1 21  7  4  2 11  8  2  7  7 11  7  7  5 13 12  6  3 16  9 13 14 12 11 22 13  4  1 10 11 10  5 10 14  3  1  3 20  2  5  6 14  5  8  6  2  5  5 10  2  5  2  7  4  4  6
    [5]*   9 10  1  5 25  1  8 10  3  6 15  5  1  3  6 10  1  8  7  2  7  8  3 16 13  3  3  3  7  4  2  1  2
                         
# =========================================================
# colValSeqNext( ,pColSize=2 )
    <1> Val :  ,    Rem : *,      (SameRow,Rebind)
    <2> Val : *, *  Rem : *, *    (SameRow,Rebind)
    <3> Val : *,    Rem : *,      (SameRow,Rebind)
    <4> Val : *,    Rem : *, *    (SameRow,Rebind)
    [  1] 19  4     9  1     5  2    17  4
    [  2]  4  7     5  4    10  3     1 11
    [  3]  3  1     5  6     1  7     1  5
    [  4]  3  2     9  4    11  4     5 25
    [  5]  5  8     9  4     5 17     2  4
    [  6]  6 16    18  2     1 12     2  8
    [  7]  9  9     1  8     6  8    12  6
    [  8]  4 20     3 10     3  8    14 10
    [  9] 10  2     4 13     1  3    13  6
    [ 10] 10  9    13  2    10  6     1  3
    [ 11]  1  4     6  3     7  9     1 18
    [ 12] 11  1     6  3     6  7     9 13
    [ 13] 12  2    11  6    10  8    17  6
    [ 14] 10  7     1  4    15 13     2 13
    [ 15]  3 22     1  4     7  2     6 18
    [ 16] 12  3     4  6    11  4     4  3
    [ 17]  1  5     2  6     2  1    11  1
    [ 18]  8  5     3  4     1  6     3 33
    [ 19]  2 10     2  3    21  2     7  1
    [ 20]  1 15     2  9     2 11     3  6
    [ 21]           1 19     9 21    14 13
    [ 22]                   15  7     4  3
    [ 23]                    1 11     8  1
    [ 24]                   13  1    10  1
    [ 25]                    4  3     5  9
    [ 26]                    8  3     2  2
    [ 27]                    3  2     5 14
    [ 28]                   13  4    15  4
    [ 29]                    7 21     2  8
    [ 30]                    8  5     9  8
    [ 31]                   13 10    12  3
    [ 32]                    2 14     4  8
    [ 33]                   11  7    10  4
    [ 34]                    5 19    14  7
    [ 35]                   11  4     2  8
    [ 36]                    6  1     7  3
    [ 37]                    9  8     2 11
    [ 38]                    5 11     9 13
    [ 39]                             5  7
                         
# =========================================================
# colValSeqNext( ,pColSize=3 )
    <1> Val :  ,    Rem :  ,      (SameRow,Rebind)
    <2> Val :  ,    Rem :  ,      (SameRow,Rebind)
    <3> Val :  ,    Rem :  ,      (SameRow,Rebind)
    [  1]              1  4  3     6  7  1
                         
