logId:toZ851
# =========================================================
#	Raw Value                                              =
# =========================================================
                                                           
# =========================================================
# anaColEndPtn()
    [1]    7  8 12
    [2]*  24 14 19 11 17 18 18
    [3]*  25  6 13 17 27 15 15
    [4]   32 29
    [5]   34 18 38 12 34 43 45 19
    [6]*  39 28 44 26 45 30 43 43 44 44
                         
# =========================================================
# colValSeqNext( ,pColSize=2 )
    <1> Val :  ,    Rem :  ,      (SameRow,Rebind)
    <2> Val :  ,    Rem :  ,      (SameRow,Rebind)
    <3> Val :  ,    Rem :  ,      (SameRow,Rebind)
    <4> Val :  ,    Rem :  ,      (SameRow,Rebind)
    <5> Val :  ,    Rem : *,      (SameRow,Rebind)
    [  1] 13 16    24 26     4 12    40 41    33 34
    [  2] 17 19    16 27    22 37    36 37    24 25
    [  3] 20 33    20 32    24 33    32 34    35 37
    [  4] 37 38    23 27    37 43    17 23    38 40
    [  5] 13 29    17 31                      32 44
    [  6] 27 42    29 31                      34 45
    [  7]  1  8    18 30                      23 38
    [  8]  8 19    26 30                      11 23
    [  9] 32 33    25 35                      39 44
    [ 10]          24 29                      42 43
    [ 11]          20 24                      30 36
    [ 12]          24 27                      37 39
    [ 13]          28 37                      30 38
    [ 14]          23 25                      25 36
    [ 15]          28 29                      40 44
    [ 16]                                     41 44
    anaMtx_ColVal( cvSeqNextLst[[1]]$fndMtx )
    anaMtx_ColVal( cvSeqNextLst[[2]]$fndMtx )
    anaMtx_ColVal( cvSeqNextLst[[3]]$fndMtx )
    anaMtx_ColVal( cvSeqNextLst[[4]]$fndMtx )
    anaMtx_ColVal( cvSeqNextLst[[5]]$fndMtx )
                         
# =========================================================
# colValSeqNext( ,pColSize=3 )
    <1> Val :  ,    Rem :  ,      (SameRow,Rebind)
    <2> Val :  ,    Rem :  ,      (SameRow,Rebind)
    <3> Val :  ,    Rem :  ,      (SameRow,Rebind)
    <4> Val :  ,    Rem :  ,      (SameRow,Rebind)
    [  1] 13 16 27                            17 23 38
                         
# =========================================================
#	cStep                                                  =
# =========================================================
                                                           
# =========================================================
# anaColEndPtn()
    [1]*   2  7  1  5 12  1  2  1  4  4 14  8  2  7  7 14  8  3  4  3  3  5 14
    [2]*   8 13 13  6  6  4  6 11  5 20  4  6  4  6  5  3  1 11  5  2  4 15  8  5  9  7 19 12  7 14  6 15 13  3  2 12  1 17  1  3  3 15  2
    [3]    2  3  5  1  9 15  2  4
    [4]*  11  7  4  5 19  7  8  9 14  7  8  2  1  9  2  2 10  5  1 16  3  3  7  3  3
    [5]*   8 11 13  2  1  8  6  2  4  8  4  1  6  3  1  8  2 14  1  8 25  6  1  7 26  5  1  1  1  1  1  4  1  3
                         
# =========================================================
# colValSeqNext( ,pColSize=2 )
    <1> Val : *,    Rem : *,      (SameRow,Rebind)
    <2> Val : *,    Rem : *,      (SameRow,Rebind)
    <3> Val : *,    Rem : *,      (SameRow,Rebind)
    <4> Val : *,    Rem : *,      (SameRow,Rebind)
    [  1]  6  1     6  1     2 19     4 11
    [  2]  3 11     3 11     6 10     1  1
    [  3]  2 13     2 13     6 11    16 17
    [  4] 17  5    17  5    13  7    19  2
    [  5]  1  2     1  2     7  7     4  7
    [  6]  1  6     1  6     1  8    13  1
    [  7] 13  2    13  2    16  3    10  9
    [  8]  4  7     4  7     6  8     5  5
    [  9] 17  2    17  2     8  4     7  1
    [ 10] 11 15    11 15     2  2     3  9
    [ 11]  3 15     3 15     2 11    16  6
    [ 12]  8  1     8  1    15  1     9  7
    [ 13]  7  9     7  9    12 12    12  9
    [ 14]  2  3     2  3    14  3     5  3
    [ 15]  1 19     1 19    13  7     4 15
    [ 16]  3  3     3  3     1 16    12  1
    [ 17]  6  5     6  5     3  3    11  9
    [ 18]  4  7     4  7    13  5     6 15
    [ 19]                    5  3     1  1
    [ 20]                    9 10    11  6
    [ 21]                    3  9    16  4
    [ 22]                    9  3     8 13
    [ 23]                    5  3     8  6
    [ 24]                             8  3
    [ 25]                             8  5
    [ 26]                            17  5
    [ 27]                             4 10
    [ 28]                             4  1
                         
# =========================================================
# colValSeqNext( ,pColSize=3 )
    <1> Val :  ,    Rem :  ,      (SameRow,Rebind)
    <2> Val :  ,    Rem :  ,      (SameRow,Rebind)
    <3> Val :  ,    Rem :  ,      (SameRow,Rebind)
    [  1]                          7  7  1
    [  2]                         12 12  1
                         
