logId:z787
# =========================================================
#	Raw Value                                              =
# =========================================================
                                                           
# =========================================================
# anaColEndPtn()
    [1]   10 13 11  1 15 30
    [2]   11 18 17  7
    [3]   20 24 15 16
    [4]   18 15
    [5]   31
    [6]   26 15
                         
# =========================================================
# colValSeqNext( ,pColSize=2 )
    <1> Val : *,    Rem : *,      (SameRow,Rebind)
    <2> Val :  ,    Rem :  ,      (SameRow,Rebind)
    <3> Val :  ,    Rem :  ,      (SameRow,Rebind)
    <4> Val :  ,    Rem :  ,      (SameRow,Rebind)
    <5> Val : *,    Rem : *,      (SameRow,Rebind)
    [  1] 11 12    10 23    17 19    20 32    38 43
    [  2]  8 10    22 37    20 33    23 27    40 41
    [  3]  4  5    13 30    37 38    17 31    30 32
    [  4] 31 38     8 20    13 29    29 31    35 36
    [  5] 29 31    17 20    27 42    18 30    40 41
    [  6] 11 12    35 36     1  8    26 30    27 42
    [  7] 23 41    14 15     8 19    25 35    35 40
    [  8]  1  3    14 32    32 33    24 29    18 22
    [  9]  8 11                      20 24    29 33
    [ 10]  8 10                      24 27         
    [ 11] 11 16                      28 37         
    [ 12]  3  8                      23 25         
    [ 13]  8 14                      28 29         
    [ 14] 11 16                                    
                         
# =========================================================
# colValSeqNext( ,pColSize=3 )
    <1> Val :  ,    Rem :  ,      (SameRow,Rebind)
    <2> Val :  ,    Rem :  ,      (SameRow,Rebind)
    <3> Val :  ,    Rem :  ,      (SameRow,Rebind)
    <4> Val :  ,    Rem :  ,      (SameRow,Rebind)
    [  1]  8 14 15    22 37 38                18 30 32
    [  2]             14 32 33                24 27 42
    [  3]                                     28 29 33
                         
# =========================================================
#	cStep                                                  =
# =========================================================
                                                           
# =========================================================
# anaColEndPtn()
    [1]*  30  1 10  3  5  8  5  7  3 11  1 10  1 15  7  3  8  7  5  3 16  6  3 15  4  9 11  3  8  2 14  8  2  1  3  3  1 13  3  1  5  3 21  5  6 11 14  8  9  3
    [2]*   2  2  2  3  3  7  3 11 11  1  8  1  7  3  1  5  2  1  7  4  1  4  4  2  7  4  3 13
    [3]*   3  7  4 21  2  3  5  4  4  3  1  2
    [4]*   3 24  1  8  7  8  3  9  2  3  1 17  6  1  1  7  7  6  1 16 17 10 20 11  5  2  8 13  1  9  4  4  1  8  3  5  2  1 29  7  2 10 19  1 12
    [5]*  12  9  8 14  2  3  8 10  6  3  6 19  5  1  1  5  3 18  9 19 13  2  6  2 12  9
                         
# =========================================================
# colValSeqNext( ,pColSize=2 )
    <1> Val : *,    Rem : *,      (SameRow,Rebind)
    <2> Val : *, *  Rem : *, *    (SameRow,Rebind)
    <3> Val : *,    Rem : *,      (SameRow,Rebind)
    <4> Val : *,    Rem : *,      (SameRow,Rebind)
    [  1] 11  4    10  7     2 13     3 18
    [  2]  5 17    11  3    17  5    12 10
    [  3]  1 12     4  3     1  2    13  1
    [  4]  6  8     4  3     1  6     9  7
    [  5]  3  8    16  4    13  2     3  1
    [  6]  1  3     2  8     4  7    12  2
    [  7] 10  6     7  3    17  2     7 10
    [  8]  7  9    15  9    11 15    10  7
    [  9]  6  7    10  2     3 15     4  8
    [ 10] 10  8    15  1     8  1     1 16
    [ 11] 15 13     6  1     7  9     8  3
    [ 12]  7  2     5 17     2  3     6  4
    [ 13] 11  4     4  4     1 19     3 15
    [ 14]  2  1     1  5     3  3    14  8
    [ 15]  1  6     3 13     6  5    24  2
    [ 16] 21  2     1  9     4  7     4  8
    [ 17]  2 11     5  5             14  1
    [ 18]  9 21     1 17              1  4
    [ 19] 15  7     2 10              1 12
    [ 20]  1 11     3  7                  
    [ 21] 13  1     3  6                  
    [ 22]  4  3     6  8                  
    [ 23]  8  3     7  6                  
    [ 24]  3  2     2  2                  
    [ 25] 13  4    11  9                  
    [ 26]  7 21     4  5                  
    [ 27]  8  5    18  3                  
    [ 28] 13 10     3  4                  
    [ 29]  2 14     6  3                  
    [ 30] 11  7     9  1                  
    [ 31]  5 19     1  6                  
    [ 32] 11  4     4 18                  
    [ 33]  6  1     1  2                  
    [ 34]  9  8     7  2                  
    [ 35]  5 11     2 21                  
    [ 36]           3  9                  
    [ 37]           6  3                  
    [ 38]           7 13                  
    [ 39]           3  3                  
    [ 40]           4  3                  
    [ 41]           5  7                  
    [ 42]          18  1                  
    [ 43]           2  7                  
    [ 44]           4 14                  
                         
# =========================================================
# colValSeqNext( ,pColSize=3 )
    <1> Val :  ,    Rem :  ,      (SameRow,Rebind)
    <2> Val :  ,    Rem :  ,      (SameRow,Rebind)
    <3> Val :  ,    Rem :  ,      (SameRow,Rebind)
    [  1] 11  4  3     5 17  5            
    [  2]  1  6  8     3 13  2            
    [  3] 21  2  2     7  2  3            
                         
