logId:z817
# =========================================================
#	Raw Value                                              =
# =========================================================
                                                           
# =========================================================
# anaColEndPtn()
    [1]    4  1 17  3  7  2
    [2]   21  3 11 10  8
    [3]   34 19 27 13 16
    [4]   40
    [5]*  32 35 26 27 33 33
    [6]   37 44 45 43 37 45 28 41
                         
# =========================================================
# colValSeqNext( ,pColSize=2 )
    <1> Val :  ,    Rem :  ,      (SameRow,Rebind)
    <2> Val :  ,    Rem :  ,      (SameRow,Rebind)
    <3> Val :  ,    Rem :  ,      (SameRow,Rebind)
    <4> Val :  ,    Rem :  ,      (SameRow,Rebind)
    <5> Val :  ,    Rem :  ,      (SameRow,Rebind)
    [  1] 33 36    10 17    20 23     5 17    28 42
    [  2] 13 14    33 36    31 35     7 15    35 43
    [  3]          10 13    13 26    28 35    33 34
    [  4]          36 42     5 27     4 19         
    [  5]           4 10    25 29    12 24         
    [  6]          23 30    10 15                  
    [  7]          14 25     6  9                  
    [  8]           8 24    11 37                  
    [  9]           8  9    11 12                  
    [ 10]           1 27    35 40                  
    [ 11]          24 27    30 38                  
    [ 12]           4 11                           
                         
# =========================================================
# colValSeqNext( ,pColSize=3 )
    <1> Val :  ,    Rem :  ,      (SameRow,Rebind)
    <2> Val :  ,    Rem :  ,      (SameRow,Rebind)
    <3> Val :  ,    Rem :  ,      (SameRow,Rebind)
    <4> Val :  ,    Rem :  ,      (SameRow,Rebind)
    [  1] 33 36 42    14 25 29                        
                         
# =========================================================
#	cStep                                                  =
# =========================================================
                                                           
# =========================================================
# anaColEndPtn()
    [1]    4  3  5  7  3  6  8 22  7  5  4  8  6  3  2  1  5  1  5  3  6  1  3
    [2]*   8  1  2 15  3  6 11  3  4 15  3  2  5  5 13 10  2  8  1 14  6 16  9  6  2  8  5  9 10 17  2 12 17  6 16 14  3 10  3  6  4  2 11  2  1  5  4 13  1 19
    [3]*  10  8  7  3 12 15  5  5  2  5  5 10  5  1  1  2  1  4  1  2
    [4]    6  4  1 12  5  1  3  6  1
    [5]    3  1  7 17 15
                         
# =========================================================
# colValSeqNext( ,pColSize=2 )
    <1> Val : *,    Rem : *,      (SameRow,Rebind)
    <2> Val : *,    Rem : *,      (SameRow,Rebind)
    <3> Val :  ,    Rem : *,      (SameRow,Rebind)
    <4> Val :  ,    Rem :  ,      (SameRow,Rebind)
    [  1]  4  8     1  7     4  2         
    [  2]  9  5    11  4    12  4         
    [  3]  3  6     5 17     8  1         
    [  4] 10  4     1 12    10 10         
    [  5]  3  9     6  8     8 14         
    [  6] 15  1     3  8     7  8         
    [  7] 12  6     1  3     7 13         
    [  8]  1  8    10  6     5 12         
    [  9]  1  6     7  9     2  4         
    [ 10] 14  3     6  7     4 19         
    [ 11] 10  2    10  8     5  5         
    [ 12]  7  3    15 13     3 13         
    [ 13]  5  8     7  2     2  1         
    [ 14]  2  8    11  4     9  3         
    [ 15]  1  6     2  1     3 17         
    [ 16]  1  1     1  6    10  2         
    [ 17] 12  3    21  2     1  1         
    [ 18]  9  4     2 11     1 17         
    [ 19]  1  4     9 21                  
    [ 20]  5  8    15  7                  
    [ 21]  5  9     1 11                  
    [ 22]  1  1    13  1                  
    [ 23] 11  2     4  3                  
    [ 24]  4 13     8  3                  
    [ 25]  2  1     3  2                  
    [ 26] 12  2    13  4                  
    [ 27]  2  3     7 21                  
    [ 28]  1  2     8  5                  
    [ 29]          13 10                  
    [ 30]           2 14                  
    [ 31]          11  7                  
    [ 32]           5 19                  
    [ 33]          11  4                  
    [ 34]           6  1                  
    [ 35]           9  8                  
    [ 36]           5 11                  
                         
# =========================================================
# colValSeqNext( ,pColSize=3 )
    <1> Val :  ,    Rem :  ,      (SameRow,Rebind)
    <2> Val :  ,    Rem :  ,      (SameRow,Rebind)
    <3> Val :  ,    Rem :  ,      (SameRow,Rebind)
    [  1]  1  6  8     7  2  4            
    [  2]  4 13  4    13 10  2            
                         
