logId:to20180728
# =========================================================
#	Raw Value                                              =
# =========================================================
                                                           
# =========================================================
# anaColEndPtn()
    [1]    7 24 15
    [2]   13  3 31 20 22
    [3]   23  7  6 15
    [4]   30 44
    [5]   25 39 35 27 26
    [6]   35
                         
# =========================================================
# colValSeqNext( ,pColSize=2 )
    <1> Val :  ,    Rem :  ,      (SameRow,Rebind)
    <2> Val :  ,    Rem :  ,      (SameRow,Rebind)
    <3> Val :  ,    Rem :  ,      (SameRow,Rebind)
    <4> Val :  ,    Rem :  ,      (SameRow,Rebind)
    <5> Val :  ,    Rem :  ,      (SameRow,Rebind)
    [  1] 14 26    13 26    27 29    30 36    26 33
    [  2] 18 23    31 34             15 22    27 31
    [  3]  9 15    33 37              1  7    36 39
    [  4]  9 18     9 23             12 15    31 34
    [  5]  3  4    18 23             27 28         
    [  6] 25 39    11 16             22 31         
    [  7] 15 17    27 34             28 34         
    [  8]          27 36             37 40         
    [  9]          29 34             30 34         
    [ 10]          31 42                           
    [ 11]          31 35                           
    [ 12]          23 35                           
                         
# =========================================================
# colValSeqNext( ,pColSize=3 )
    <1> Val :  ,    Rem :  ,      (SameRow,Rebind)
    <2> Val :  ,    Rem :  ,      (SameRow,Rebind)
    <3> Val :  ,    Rem :  ,      (SameRow,Rebind)
    <4> Val :  ,    Rem :  ,      (SameRow,Rebind)
                         
# =========================================================
#	cStep                                                  =
# =========================================================
                                                           
# =========================================================
# anaColEndPtn()
    [1]*   5 13  6 14  1  4  4  1  5  2  3  1  4 12  8 22 11  2  1  3  3 14  1
    [2]*   2  1  6  5  4 11  1  4  1  7 17  5  4 16  3  6  1  3  5  3  3  9  2  4  8 12  4  9 20  8  1 21  9  8 12  7  1 11  3 10  9  6  5  9  1
    [3]*   1  4  6  1  1  8  1 15 14  6 14  2  7  4  7 15  2  2
    [4]*   8 17  8  1 20  2  2  8  1  4  1  6  9  2 10 20  6  8 12  2  2  3  6  5  2  5  8  5  7 24 13  1  9  3  7 11  1  8  6 14  1  5  8  3  8 12 11  8 15  1  1  1 11 16  3  1  1 10  4 10  5  3  1 14  1 11  2  1 15  6  1  5  1  1  1 14
    [5]    2  5  3  2  3 11 13  1 14 17  3  9 13
                         
# =========================================================
# colValSeqNext( ,pColSize=2 )
    <1> Val : *,    Rem : *,      (SameRow,Rebind)
    <2> Val : *, *  Rem : *, *    (SameRow,Rebind)
    <3> Val :  ,    Rem : *, *    (SameRow,Rebind)
    <4> Val :  ,    Rem : *,      (SameRow,Rebind)
    [  1]  9  1     7  4    13  4     4  5
    [  2]  6 18     9  1     2  9     2 12
    [  3]  3  6    11  3     1  8    15 10
    [  4]  5  2    11  3     1 18     3  8
    [  5]  2 12    15  3     1 20     1 17
    [  6]  6 17     6  6     9 10    16 10
    [  7]  9  5     8  2     3  4     2  1
    [  8] 12  3     7  1     5  2    15  5
    [  9]  8  9    14  5    16  7     7 13
    [ 10]  6  1    13  1     1  1     5  1
    [ 11]  1  2     8 10     5  8    12  9
    [ 12]  3 16     2  6     4  3     6  8
    [ 13]  5  3    17  8     2  4     4  1
    [ 14] 12  3     7  2     1  3     9  4
    [ 15]  1  5     1  4     5  1     9 12
    [ 16]  3 12                       7  2
    [ 17]  8  8                       6  2
    [ 18] 19  2                       1  4
    [ 19]  4  3                       6  4
    [ 20]  4  2                       5 11
    [ 21]  3  3                       8 13
    [ 22]  3  5                       9  2
    [ 23]                             1 13
    [ 24]                             2  3
    [ 25]                            14  5
    [ 26]                             9  5
                         
# =========================================================
# colValSeqNext( ,pColSize=3 )
    <1> Val :  ,    Rem :  ,      (SameRow,Rebind)
    <2> Val :  ,    Rem :  ,      (SameRow,Rebind)
    <3> Val :  ,    Rem :  ,      (SameRow,Rebind)
    [  1]             11  3  4    13  4  5
    [  2]             13  1  1            
    [  3]              7  2  4            
                         
