logId:toZ852
# =========================================================
#	Raw Value                                              =
# =========================================================
                                                           
# =========================================================
# anaColEndPtn()
    [1]   19 16 34  2
    [2]   13 14 33  9 31 29 31 19  5  8
    [3]   28 34
    [4]   32 31 24 31
    [5]   23
    [6]   40 38 32 28 34 37 40 37 42
                         
# =========================================================
# colValSeqNext( ,pColSize=2 )
    <1> Val :  ,    Rem :  ,      (SameRow,Rebind)
    <2> Val :  ,    Rem :  ,      (SameRow,Rebind)
    <3> Val :  ,    Rem : *, *    (SameRow,Rebind)
    <4> Val :  ,    Rem : *,      (SameRow,Rebind)
    <5> Val :  ,    Rem :  ,      (SameRow,Rebind)
    [  1]  2 22    42 45    22 25    38 39    24 35
    [  2]  9 10    15 22     7  8    21 25    42 45
    [  3] 34 38     2  3     2 23    20 22    12 24
    [  4] 20 26     7  8    22 43    24 32    32 37
    [  5] 20 23    28 31     4  8    14 27         
    [  6]  6 24     5 34             34 40         
    [  7] 26 28                       8  9         
    [  8] 12 17                      36 42         
    [  9]                            25 31         
    [ 10]                            18 26         
    anaMtx_ColVal( cvSeqNextLst[[1]]$fndMtx )
    anaMtx_ColVal( cvSeqNextLst[[2]]$fndMtx )
    anaMtx_ColVal( cvSeqNextLst[[3]]$fndMtx )
    anaMtx_ColVal( cvSeqNextLst[[4]]$fndMtx )
    anaMtx_ColVal( cvSeqNextLst[[5]]$fndMtx )
                         
# =========================================================
# colValSeqNext( ,pColSize=3 )
    <1> Val :  ,    Rem :  ,      (SameRow,Rebind)
    <2> Val :  ,    Rem :  ,      (SameRow,Rebind)
    <3> Val :  ,    Rem :  ,      (SameRow,Rebind)
    <4> Val :  ,    Rem :  ,      (SameRow,Rebind)
    [  1] 26 28 31                            36 42 45
                         
# =========================================================
#	cStep                                                  =
# =========================================================
                                                           
# =========================================================
# anaColEndPtn()
    [1]*   4  8 13 13  6  6  4  6 11  5 20  4  6  4  6  5  3  1 11  5  2  4 15  8  5  9  7 19 12  7 14  6 15 13  3  2 12  1 17  1  3  3 15  2
    [2]*   4  8 13 13  6  6  4  6 11  5 20  4  6  4  6  5  3  1 11  5  2  4 15  8  5  9  7 19 12  7 14  6 15 13  3  2 12  1 17  1  3  3 15  2
    [3]*   4  8 13 13  6  6  4  6 11  5 20  4  6  4  6  5  3  1 11  5  2  4 15  8  5  9  7 19 12  7 14  6 15 13  3  2 12  1 17  1  3  3 15  2
    [4]*   3  5  8  8  8  3  3  2  5  7 11  3  6  2 10  8 11
    [5]*   5  5  5  4 12  9 12  2  7  1  9  9
                         
# =========================================================
# colValSeqNext( ,pColSize=2 )
    <1> Val : *,    Rem : *,      (SameRow,Rebind)
    <2> Val : *,    Rem : *,      (SameRow,Rebind)
    <3> Val : *,    Rem : *,      (SameRow,Rebind)
    <4> Val :  ,    Rem :  ,      (SameRow,Rebind)
    [  1]  4  4     4  4     9  3     8  6
    [  2]  6  1     6  1     3  7     7  5
    [  3]  3 11     3 11     3 11     1 13
    [  4]  2 13     2 13     4  8     5  2
    [  5] 17  5    17  5     4  1     6  8
    [  6]  1  2     1  2    11 17     6  3
    [  7]  1  6     1  6    13  1    19  3
    [  8] 13  2    13  2    11  6     7  1
    [  9]  4  7     4  7     5  4         
    [ 10] 17  2    17  2     5  3         
    [ 11] 11 15    11 15     2 11         
    [ 12]  3 15     3 15     5  7         
    [ 13]  8  1     8  1     9 11         
    [ 14]  7  9     7  9     9  5         
    [ 15]  2  3     2  3     6  4         
    [ 16]  1 19     1 19     6 10         
    [ 17]  3  3     3  3     3  2         
    [ 18]  6  5     6  5    12 11         
    [ 19]  4  7     4  7     4  1         
    [ 20]                   19  4         
    [ 21]                    7  4         
                         
# =========================================================
# colValSeqNext( ,pColSize=3 )
    <1> Val :  ,    Rem :  ,      (SameRow,Rebind)
    <2> Val :  ,    Rem :  ,      (SameRow,Rebind)
    <3> Val :  ,    Rem :  ,      (SameRow,Rebind)
    [  1]  4  4  4     1 19  4            
                         
