logId:toZ836
# =========================================================
#	Raw Value                                              =
# =========================================================
                                                           
# =========================================================
# anaColEndPtn()
    [1]    6  1
    [2]    7  5 12 22 18
    [3]   26  4 16 37 12
    [4]   
    [5]   38 29
    [6]*  43 41 40 42 35 43 45 42 42 44 42 42
                         
# =========================================================
# colValSeqNext( ,pColSize=2 )
    <1> Val :  ,    Rem : *, *    (SameRow,Rebind)
    <2> Val :  ,    Rem : *,      (SameRow,Rebind)
    <3> Val :  ,    Rem :  ,      (SameRow,Rebind)
    <4> Val :  ,    Rem :  ,      (SameRow,Rebind)
    <5> Val :  ,    Rem :  ,      (SameRow,Rebind)
    [  1]  1  8    11 19    23 34    25 26    31 39
    [  2] 21 28    12 13    24 33    29 33    38 45
    [  3] 14 20    21 26             24 25    34 35
    [  4]  2  8    14 24             29 32    33 34
    [  5]  6 10    19 21             39 45    27 39
    [  6] 11 26    11 17             27 42    33 41
    [  7] 10 19    22 23                      30 45
    [  8] 11 13    28 31                      41 44
    [  9]  6 13     8 13                      33 35
    [ 10] 13 18    12 14                           
    [ 11]           5 11                           
    [ 12]          13 26                           
    [ 13]           3 12                           
    anaMtx_ColVal( cvSeqNextLst[[1]]$fndMtx )
    anaMtx_ColVal( cvSeqNextLst[[2]]$fndMtx )
    anaMtx_ColVal( cvSeqNextLst[[3]]$fndMtx )
    anaMtx_ColVal( cvSeqNextLst[[4]]$fndMtx )
    anaMtx_ColVal( cvSeqNextLst[[5]]$fndMtx )
                         
# =========================================================
# colValSeqNext( ,pColSize=3 )
    <1> Val :  ,    Rem :  ,      (SameRow,Rebind)
    <2> Val :  ,    Rem :  ,      (SameRow,Rebind)
    <3> Val :  ,    Rem :  ,      (SameRow,Rebind)
    <4> Val :  ,    Rem :  ,      (SameRow,Rebind)
    [  1] 21 28 31    22 23 34                        
    [  2]  2  8 13                                    
                         
# =========================================================
#	cStep                                                  =
# =========================================================
                                                           
# =========================================================
# anaColEndPtn()
    [1]*   8 10  3  2  1  3  4 17  2  7  1  3 13  1  9  4  6  2 21  2  9  4  5 14  8  5 13 15 11  5  8  2 15  1  2  3  3  3  3  8 12  1  4  7  1  5  6  2  9  3  8  7 21  1 10  5  1 17  2  5  2  4  1  3  3  4  7  8 12  8 19  2  2  1  2 11
    [2]    3 17  9  2  4  8 23  8 13  2  3  1  7  2  3  2
    [3]   10
    [4]*   8  6 18 10  1  2  2 12  5  6  2  4  1
    [5]*   1 20  1  2 13  1  7  7  2  5  4  4  9  2  6  6  3  1  2  5  6  5  8 13 15  2 15 13  7  3  1  6 13  8 19 13  9  5 24 17 13 17  4 22 11
                         
# =========================================================
# colValSeqNext( ,pColSize=2 )
    <1> Val : *,    Rem : *,      (SameRow,Rebind)
    <2> Val : *, *  Rem : *, *    (SameRow,Rebind)
    <3> Val :  ,    Rem :  ,      (SameRow,Rebind)
    <4> Val :  ,    Rem :  ,      (SameRow,Rebind)
    [  1]  3  7     6  3     5  6     6 18
    [  2]  7  3     1 11              8  6
    [  3]  6  3     1  3             10  2
    [  4] 14 10     1  6              8 10
    [  5] 12 17     4  3              3  2
    [  6] 12  5    10  1             15  4
    [  7]  7  3     6  5              8  8
    [  8]  2  3     4  3              2  8
    [  9]  4  4     2  6                  
    [ 10] 11  1     2  9                  
    [ 11]  1  4     8  4                  
    [ 12]  7  3    16  7                  
    [ 13]  1  4     2 20                  
    [ 14] 13  4     9 12                  
    [ 15]  6  5     3  1                  
    [ 16]  5  5     3  1                  
    [ 17] 12 10     8  2                  
    [ 18]  6  4    13 12                  
    [ 19] 14  5     9  5                  
    [ 20] 15 18                           
    [ 21]  1 10                           
    [ 22]  4  2                           
    [ 23] 11  6                           
    [ 24]  8 15                           
    [ 25]  3  3                           
    [ 26]  4 14                           
    [ 27]  2 12                           
    [ 28]  6 12                           
    [ 29] 14  1                           
    [ 30]  7  1                           
    [ 31]  2  8                           
    [ 32]  9  3                           
    [ 33]  6 11                           
    [ 34]  1 21                           
    [ 35] 19  5                           
    [ 36]  1  6                           
    [ 37] 21  8                           
    [ 38]  3  7                           
                         
# =========================================================
# colValSeqNext( ,pColSize=3 )
    <1> Val :  ,    Rem :  ,      (SameRow,Rebind)
    <2> Val :  ,    Rem :  ,      (SameRow,Rebind)
    <3> Val :  ,    Rem :  ,      (SameRow,Rebind)
    [  1]  6  4  3                        
                         
