logId:toZ842
# =========================================================
#	Raw Value                                              =
# =========================================================
                                                           
# =========================================================
# anaColEndPtn()
    [1]    3 13 14 15  5 16 12  1  2  8  3
    [2]    3  6 23 13  2  7  4  6  1
    [3]    5 21  3 16
    [4]*  13 13
    [5]   
    [6]*  38 38 28 24 42 43 37
                         
# =========================================================
# colValSeqNext( ,pColSize=2 )
    <1> Val :  ,    Rem : *,      (SameRow,Rebind)
    <2> Val :  ,    Rem :  ,      (SameRow,Rebind)
    <3> Val :  ,    Rem :  ,      (SameRow,Rebind)
    <4> Val :  ,    Rem : *,      (SameRow,Rebind)
    <5> Val :  ,    Rem :  ,      (SameRow,Rebind)
    [  1]  4  7    28 30     6 13    33 36    33 36
    [  2] 16 25    19 21    10 16     8 33    22 30
    [  3]  2 16     6 11             25 35    21 28
    [  4] 29 33    16 19             22 35    40 41
    [  5] 19 28     4  7             13 18    29 34
    [  6]  5 10    26 37             28 33    28 37
    [  7]  2  6    13 27             22 30    38 41
    [  8]  2 20    10 19             36 37    27 34
    [  9]  9 17    25 31                      39 43
    [ 10]          23 34                           
    [ 11]           1  2                           
    anaMtx_ColVal( cvSeqNextLst[[1]]$fndMtx )
    anaMtx_ColVal( cvSeqNextLst[[2]]$fndMtx )
    anaMtx_ColVal( cvSeqNextLst[[3]]$fndMtx )
    anaMtx_ColVal( cvSeqNextLst[[4]]$fndMtx )
    anaMtx_ColVal( cvSeqNextLst[[5]]$fndMtx )
                         
# =========================================================
# colValSeqNext( ,pColSize=3 )
    <1> Val :  ,    Rem :  ,      (SameRow,Rebind)
    <2> Val :  ,    Rem :  ,      (SameRow,Rebind)
    <3> Val :  ,    Rem :  ,      (SameRow,Rebind)
    <4> Val :  ,    Rem :  ,      (SameRow,Rebind)
    [  1]  2 16 19                                    
    [  2]  5 10 19                                    
                         
# =========================================================
#	cStep                                                  =
# =========================================================
                                                           
# =========================================================
# anaColEndPtn()
    [1]*  14 15 18  1  3  7  5 19  6  3  3  1  2  9  7  6  3 16 11  7 10  7 11  9  4 15 16  3  2 22 12  5 12
    [2]    6  2 17 25  1  3 19  3  7  6 19 10  1  3  4  5  3 15  2  6  4  3 11
    [3]    4
    [4]*   5 10  8  1  2 15  3  6 11  3  4 15  3  2  5  5 13 10  2  8  1 14  6 16  9  6  2  8  5  9 10 17  2 12 17  6 16 14  3 10  3  6  4  2 11  2  1  5  4 13  1 19
    [5]    3 16
                         
# =========================================================
# colValSeqNext( ,pColSize=2 )
    <1> Val : *,    Rem : *,      (SameRow,Rebind)
    <2> Val :  ,    Rem : *,      (SameRow,Rebind)
    <3> Val :  ,    Rem :  ,      (SameRow,Rebind)
    <4> Val : *,    Rem : *, *    (SameRow,Rebind)
    [  1]  5  7     2  1     1  1    11  8
    [  2]  1 10     5  1    11 19     1  8
    [  3]  4  8     2 11     9  1     1 12
    [  4]  9  5     7  2     6  2    12  4
    [  5]  3  6    13  1     3  3     4  5
    [  6] 10  4     6  3    22  2     6 21
    [  7]  3  9                      15  1
    [  8] 15  1                       4 14
    [  9] 12  6                       6  3
    [ 10]  1  8                       5 15
    [ 11]  1  6                       6  2
    [ 12] 14  3                       1 10
    [ 13] 10  2                       2  8
    [ 14]  7  3                       4  5
    [ 15]  5  8                      15  5
    [ 16]  2  8                       2 10
    [ 17]  1  6                       6  6
    [ 18]  1  1                      12 15
    [ 19] 12  3                       1  3
    [ 20]  9  4                       1 23
    [ 21]  1  4                      13  3
    [ 22]  5  8                       3  8
    [ 23]  5  9                       1  4
    [ 24]  1  1                       3  1
    [ 25] 11  2                       3  4
    [ 26]  4 13                       2  9
    [ 27]  2  1                           
    [ 28] 12  2                           
    [ 29]  2  3                           
    [ 30]  1  2                           
                         
# =========================================================
# colValSeqNext( ,pColSize=3 )
    <1> Val :  ,    Rem :  ,      (SameRow,Rebind)
    <2> Val :  ,    Rem :  ,      (SameRow,Rebind)
    <3> Val :  ,    Rem :  ,      (SameRow,Rebind)
    [  1]              2  1  1            
    [  2]              2 11 19            
    [  3]              6  3  3            
                         
