logId:toZ838
# =========================================================
#	Raw Value                                              =
# =========================================================
                                                           
# =========================================================
# anaColEndPtn()
    [1]*   2  3  5 13  2  3  6  6 11  5 10 22
    [2]   
    [3]   27
    [4]    8 31
    [5]   34 35 36 30
    [6]   
                         
# =========================================================
# colValSeqNext( ,pColSize=2 )
    <1> Val :  ,    Rem :  ,      (SameRow,Rebind)
    <2> Val :  ,    Rem : *, *    (SameRow,Rebind)
    <3> Val :  ,    Rem :  ,      (SameRow,Rebind)
    <4> Val :  ,    Rem : *,      (SameRow,Rebind)
    <5> Val :  ,    Rem : *, *    (SameRow,Rebind)
    [  1]          33 38    18 27     8 33    19 23
    [  2]          11 12    39 44    25 35    39 43
    [  3]          23 32    28 35    22 35    21 29
    [  4]          19 27    26 31    13 18         
    [  5]          35 38    29 36    28 33         
    [  6]          31 35    37 40    22 30         
    [  7]          31 39    31 34    36 37         
    [  8]          15 43    31 40                  
    [  9]          10 13    30 33                  
    [ 10]          24 27    25 29                  
    [ 11]          34 37    11 16                  
    [ 12]          16 29                           
    anaMtx_ColVal( cvSeqNextLst[[1]]$fndMtx )
    anaMtx_ColVal( cvSeqNextLst[[2]]$fndMtx )
    anaMtx_ColVal( cvSeqNextLst[[3]]$fndMtx )
    anaMtx_ColVal( cvSeqNextLst[[4]]$fndMtx )
    anaMtx_ColVal( cvSeqNextLst[[5]]$fndMtx )
                         
# =========================================================
# colValSeqNext( ,pColSize=3 )
    <1> Val :  ,    Rem :  ,      (SameRow,Rebind)
    <2> Val :  ,    Rem :  ,      (SameRow,Rebind)
    <3> Val :  ,    Rem :  ,      (SameRow,Rebind)
    <4> Val :  ,    Rem :  ,      (SameRow,Rebind)
                         
# =========================================================
#	cStep                                                  =
# =========================================================
                                                           
# =========================================================
# anaColEndPtn()
    [1]   
    [2]*   7  9  1 30  1 10  3  5  8  5  7  3 11  1 10  1 15  7  3  8  7  5  3 16  6  3 15  4  9 11  3  8  2 14  8  2  1  3  3  1 13  3  1  5  3 21  5  6 11 14  8  9  3
    [3]*   3 19  4 10  5  9  3  3  7  8  7  1 15  7 12  3  4  5  2  2 12  6  9  3  6  3  9  2  1 12  1  8  5 10  1 10  5  7  1 11  1  3  1 15  2 16  6  2  9 16  2  4  1
    [4]    4  2 14  5  2 15  9  6 13
    [5]    1  6  4  1 12  5  1  3  6  1
                         
# =========================================================
# colValSeqNext( ,pColSize=2 )
    <1> Val :  ,    Rem :  ,      (SameRow,Rebind)
    <2> Val :  ,    Rem : *, *    (SameRow,Rebind)
    <3> Val : *,    Rem : *, *    (SameRow,Rebind)
    <4> Val :  ,    Rem : *,      (SameRow,Rebind)
    [  1]          30  1     3  2     2  3
    [  2]           3  9     7  3     7 14
    [  3]          25  2     4  2     7 15
    [  4]           4 15     4  1     2  1
    [  5]           4  8     8  3     8  5
    [  6]           3 11     7  1     2 15
    [  7]          11 18    10 13     9  6
    [  8]           5  2     5  6     2  8
    [  9]           6 14    16  8    26  1
    [ 10]           1 19     2  1    12  5
    [ 11]           3 10     2 11     9 12
    [ 12]          11  5     3  1    11  1
    [ 13]          10  6     2 13     1  2
    [ 14]           7  4     1 16         
    [ 15]           6  2     9  6         
    [ 16]           4  6     6  5         
    [ 17]          13  8     9  2         
    [ 18]          12  1     5  4         
    [ 19]           2  1     9  4         
    [ 20]           6  3     1  2         
    [ 21]           5  3    11 15         
    [ 22]          10  9     7 16         
    [ 23]           1  4     8  3         
    [ 24]          11  3     1  2         
    [ 25]           8  7    10  4         
    [ 26]           3  2    13  2         
    [ 27]          11  6    15  6         
    [ 28]          19  3    13  3         
    [ 29]           3  1     5  3         
    [ 30]                    3  4         
    [ 31]                    3  8         
    [ 32]                    9  2         
    [ 33]                    3  6         
    [ 34]                    8  5         
    [ 35]                   15 11         
    [ 36]                    1 13         
                         
# =========================================================
# colValSeqNext( ,pColSize=3 )
    <1> Val :  ,    Rem :  ,      (SameRow,Rebind)
    <2> Val :  ,    Rem :  ,      (SameRow,Rebind)
    <3> Val :  ,    Rem :  ,      (SameRow,Rebind)
    [  1]             13  8  3     3  2  3
    [  2]              2  1  1            
    [  3]             10  9  2            
                         
