logId:toZ853
# =========================================================
#	Raw Value                                              =
# =========================================================
                                                           
# =========================================================
# anaColEndPtn()
    [1]   20 17  8 34
    [2]*  35 30 24 24 24  6
    [3]   27 28 33 24
    [4]   35 31
    [5]   27
    [6]   33 43 40 29 32 44
                         
# =========================================================
# colValSeqNext( ,pColSize=2 )
    <1> Val :  ,    Rem : *,      (SameRow,Rebind)
    <2> Val :  ,    Rem :  ,      (SameRow,Rebind)
    <3> Val :  ,    Rem :  ,      (SameRow,Rebind)
    <4> Val :  ,    Rem : *,      (SameRow,Rebind)
    <5> Val :  ,    Rem : *, *    (SameRow,Rebind)
    [  1] 12 30    42 43    22 38    13 15    38 41
    [  2] 15 18    17 32    17 33    36 39    19 21
    [  3]  4 10    11 18    18 27    33 36    33 35
    [  4] 37 42    35 42    39 44     8 33    14 15
    [  5]  6 11    33 37    28 35    25 35    24 33
    [  6] 12 20    24 26    26 31    22 35    21 27
    [  7]  4 15             29 36    13 18    28 29
    [  8] 18 32             37 40    28 33    18 29
    [  9]                   31 34    22 30    18 21
    [ 10]                   31 40    36 37    27 40
    [ 11]                   30 33             36 38
    [ 12]                   25 29             30 32
    [ 13]                   11 16             31 38
    [ 14]                                     30 37
    anaMtx_ColVal( cvSeqNextLst[[1]]$fndMtx )
    anaMtx_ColVal( cvSeqNextLst[[2]]$fndMtx )
    anaMtx_ColVal( cvSeqNextLst[[3]]$fndMtx )
    anaMtx_ColVal( cvSeqNextLst[[4]]$fndMtx )
    anaMtx_ColVal( cvSeqNextLst[[5]]$fndMtx )
                         
# =========================================================
# colValSeqNext( ,pColSize=3 )
    <1> Val :  ,    Rem :  ,      (SameRow,Rebind)
    <2> Val :  ,    Rem :  ,      (SameRow,Rebind)
    <3> Val :  ,    Rem :  ,      (SameRow,Rebind)
    <4> Val :  ,    Rem :  ,      (SameRow,Rebind)
    [  1] 37 42 43                17 33 36     8 33 35
    [  2]                                     13 18 21
    [  3]                                     22 30 37
                         
# =========================================================
#	cStep                                                  =
# =========================================================
                                                           
# =========================================================
# anaColEndPtn()
    [1]*   6  5 13  6 14  1  4  4  1  5  2  3  1  4 12  8 22 11  2  1  3  3 14  1
    [2]*   2 16 27  2 11  6 13  2  2  2
    [3]*   3  8  5  6  9 10  3  6 20  3  7  6  3  5  1  9  3  3  1 15  4 10 11 18  2  2  1  2  8  1 13  4 13  1  1  5 13  5  9  3  1  1
    [4]*  13  8 11 13  2  1  8  6  2  4  8  4  1  6  3  1  8  2 14  1  8 25  6  1  7 26  5  1  1  1  1  1  4  1  3
    [5]    9  4  7  2  8  7 10  1 18  8
                         
# =========================================================
# colValSeqNext( ,pColSize=2 )
    <1> Val :  ,    Rem :  ,      (SameRow,Rebind)
    <2> Val :  ,    Rem :  ,      (SameRow,Rebind)
    <3> Val : *,    Rem : *, *    (SameRow,Rebind)
    <4> Val :  ,    Rem : *, *    (SameRow,Rebind)
    [  1]  6  2     2  2    16  3     1  6
    [  2]  5  1     1  2     3  2     3 16
    [  3]  8  1     4  3     7  3    30  1
    [  4] 16 18     1  7     4  2     3  9
    [  5]  3  2     1 14     4  1    25  2
    [  6]  4  3     5  7     8  3     4 15
    [  7] 10  3     9 14     7  1     4  8
    [  8]  8  3     3  1    10 13     3 11
    [  9]  4  7     1 10     5  6    11 18
    [ 10]           2  9    16  8     5  2
    [ 11]                    2  1     6 14
    [ 12]                    2 11     1 19
    [ 13]                    3  1     3 10
    [ 14]                    2 13    11  5
    [ 15]                    1 16    10  6
    [ 16]                    9  6     7  4
    [ 17]                    6  5     6  2
    [ 18]                    9  2     4  6
    [ 19]                    5  4    13  8
    [ 20]                    9  4    12  1
    [ 21]                    1  2     2  1
    [ 22]                   11 15     6  3
    [ 23]                    7 16     5  3
    [ 24]                    8  3    10  9
    [ 25]                    1  2     1  4
    [ 26]                   10  4    11  3
    [ 27]                   13  2     8  7
    [ 28]                   15  6     3  2
    [ 29]                   13  3    11  6
    [ 30]                    5  3    19  3
    [ 31]                    3  4     3  1
    [ 32]                    3  8         
    [ 33]                    9  2         
    [ 34]                    3  6         
    [ 35]                    8  5         
    [ 36]                   15 11         
    [ 37]                    1 13         
                         
# =========================================================
# colValSeqNext( ,pColSize=3 )
    <1> Val :  ,    Rem :  ,      (SameRow,Rebind)
    <2> Val :  ,    Rem :  ,      (SameRow,Rebind)
    <3> Val :  ,    Rem :  ,      (SameRow,Rebind)
    [  1]                          7  3  9
    [  2]                         13  2  1
    [  3]                         15  6  3
    [  4]                         15 11  6
                         
