logId:toZ843
# =========================================================
#	Raw Value                                              =
# =========================================================
                                                           
# =========================================================
# anaColEndPtn()
    [1]    8  4 20  1
    [2]   40 13
    [3]   10
    [4]   26 19 42 21
    [5]   42 16 31 35 28 36
    [6]   41 37 15
                         
# =========================================================
# colValSeqNext( ,pColSize=2 )
    <1> Val :  ,    Rem : *, *    (SameRow,Rebind)
    <2> Val :  ,    Rem :  ,      (SameRow,Rebind)
    <3> Val :  ,    Rem :  ,      (SameRow,Rebind)
    <4> Val :  ,    Rem : *,      (SameRow,Rebind)
    <5> Val :  ,    Rem :  ,      (SameRow,Rebind)
    [  1] 30 33    18 31    31 32    24 25    37 40
    [  2] 13 26             42 45    35 37    30 34
    [  3] 14 16             34 42    38 40    44 45
    [  4] 29 32             29 42    32 44    38 43
    [  5]  9 22             37 41    34 45         
    [  6]  9 17             14 25    23 38         
    [  7] 34 36             21 29    11 23         
    [  8]                   25 33    39 44         
    [  9]                            42 43         
    [ 10]                            30 36         
    [ 11]                            37 39         
    [ 12]                            30 38         
    [ 13]                            25 36         
    [ 14]                            40 44         
    [ 15]                            41 44         
    anaMtx_ColVal( cvSeqNextLst[[1]]$fndMtx )
    anaMtx_ColVal( cvSeqNextLst[[2]]$fndMtx )
    anaMtx_ColVal( cvSeqNextLst[[3]]$fndMtx )
    anaMtx_ColVal( cvSeqNextLst[[4]]$fndMtx )
    anaMtx_ColVal( cvSeqNextLst[[5]]$fndMtx )
                         
# =========================================================
# colValSeqNext( ,pColSize=3 )
    <1> Val :  ,    Rem :  ,      (SameRow,Rebind)
    <2> Val :  ,    Rem :  ,      (SameRow,Rebind)
    <3> Val :  ,    Rem :  ,      (SameRow,Rebind)
    <4> Val :  ,    Rem :  ,      (SameRow,Rebind)
    [  1]             18 31 32                35 37 40
    [  2]                                     30 38 43
                         
# =========================================================
#	cStep                                                  =
# =========================================================
                                                           
# =========================================================
# anaColEndPtn()
    [1]*  13  5  5  4  3  6  7  2 17  5
    [2]*   3  9  3  3  6  5  3  5 15  7  5 11  2 25  1  4  4  1  2  2 12 11 21  4  6  9 10 10 14 11  8  4  2  6  4 12  6  3
    [3]    2  8  6  4
    [4]*   2  1  5 10  7  4  1  6  4  9 12 13  1  6  7  1  8 11  1 10 10  1  3  2  3  6  4  7  1  1  3 15 11  7  6  1 12 15  2  2  1  4 12  7  6 15 13  6 11  3  8  2  7  6 10  8  5  8  7  1  5
    [5]*  11 13  2  1  8  6  2  4  8  4  1  6  3  1  8  2 14  1  8 25  6  1  7 26  5  1  1  1  1  1  4  1  3
                         
# =========================================================
# colValSeqNext( ,pColSize=2 )
    <1> Val :  ,    Rem :  ,      (SameRow,Rebind)
    <2> Val : *,    Rem : *,      (SameRow,Rebind)
    <3> Val : *,    Rem : *,      (SameRow,Rebind)
    <4> Val : *,    Rem : *,      (SameRow,Rebind)
    [  1]  6 14    13  1     2 13     1 17
    [  2]  5 15    14  3     1  9     1  6
    [  3]  8  3     5  6    24  3     8  2
    [  4]  1  5     6  4    10  9     6  4
    [  5] 22  5     7  7     8  3     3 15
    [  6]  6  6     8  3    17  5     3  7
    [  7] 13  8    22  3     2 19    19  8
    [  8]  2 10     7 16     1 14     2  8
    [  9]  3  5     6  5     3  5    10 10
    [ 10]           7  4    12  3     3  3
    [ 11]           3 11     7  6     2  3
    [ 12]           8  2     4  2     3  9
    [ 13]           7  7     4  6     5  6
    [ 14]           6  5    24  1     3  8
    [ 15]          11 14     1  7     5  4
    [ 16]           8  7     4  5     2  1
    [ 17]          11 13     1  2    25  5
    [ 18]           9  6    20  5    11 11
    [ 19]           4  9     2  4    17  7
    [ 20]           1 18     4  2     1  6
    [ 21]           1  6     6  9    15 12
    [ 22]           1  2     1  2     2  3
    [ 23]           2 14     9  7     1  5
    [ 24]           9  2     8  2     9  3
    [ 25]           8  4     4 21    18  3
    [ 26]                    5  1     6  1
    [ 27]                   13  3     2  8
    [ 28]                    6  3     1  1
    [ 29]                   18  8     3  4
    [ 30]                    8  4     8  3
    [ 31]                    4  5     8  5
    [ 32]                   21  6     5  8
    [ 33]                   13  1         
    [ 34]                    2  7         
    [ 35]                    2  3         
    [ 36]                    5  2         
    [ 37]                   10  9         
    [ 38]                    7 10         
                         
# =========================================================
# colValSeqNext( ,pColSize=3 )
    <1> Val :  ,    Rem :  ,      (SameRow,Rebind)
    <2> Val :  ,    Rem :  ,      (SameRow,Rebind)
    <3> Val :  ,    Rem :  ,      (SameRow,Rebind)
    [  1]  6 14  3     8  3  5     2 19  8
    [  2] 13  8  7     8  2  4    20  5  6
    [  3]             11 13  3            
                         
