logId:toZ856
# =========================================================
#	Raw Value                                              =
# =========================================================
                                                           
# =========================================================
# anaColEndPtn()
    [1]    2 14 11
    [2]   34 20 22 38 33
    [3]   16 20 12 17 33
    [4]   
    [5]*  38 41 39 39 43 24 20
    [6]   45 31 41 40 41 31 39 45 25
                         
# =========================================================
# colValSeqNext( ,pColSize=2 )
    <1> Val :  ,    Rem :  ,      (SameRow,Rebind)
    <2> Val :  ,    Rem :  ,      (SameRow,Rebind)
    <3> Val :  ,    Rem :  ,      (SameRow,Rebind)
    <4> Val :  ,    Rem :  ,      (SameRow,Rebind)
    <5> Val :  ,    Rem : *,      (SameRow,Rebind)
    [  1] 13 16    13 21    16 18             24 42
    [  2]  8 28    11 16     8 17             39 43
    [  3] 22 27    12 28    44 45             38 43
    [  4] 26 29    12 14    25 33             27 31
    [  5]  1 17    26 29    34 41             36 41
    [  6] 11 19    19 25    26 31             38 40
    [  7] 20 23     1 13     4 16             39 41
    [  8]           2  5     8 22             30 35
    [  9]           3 13    13 33             36 40
    [ 10]          27 34     5 11             33 35
    [ 11]           5 24    25 36             20 25
    [ 12]                   14 17                  
    [ 13]                   34 42                  
    anaMtx_ColVal( cvSeqNextLst[[1]]$fndMtx )
    anaMtx_ColVal( cvSeqNextLst[[2]]$fndMtx )
    anaMtx_ColVal( cvSeqNextLst[[3]]$fndMtx )
    anaMtx_ColVal( cvSeqNextLst[[4]]$fndMtx )
    anaMtx_ColVal( cvSeqNextLst[[5]]$fndMtx )
                         
# =========================================================
# colValSeqNext( ,pColSize=3 )
    <1> Val :  ,    Rem :  ,      (SameRow,Rebind)
    <2> Val :  ,    Rem :  ,      (SameRow,Rebind)
    <3> Val :  ,    Rem :  ,      (SameRow,Rebind)
    <4> Val :  ,    Rem :  ,      (SameRow,Rebind)
    [  1]             11 16 18                        
    [  2]              1 13 33                        
    [  3]              2  5 11                        
    [  4]             27 34 42                        
                         
# =========================================================
#	cStep                                                  =
# =========================================================
                                                           
# =========================================================
# anaColEndPtn()
    [1]*  15 13  3  2  2 10  3  6  6 16  6 13  7  7  3  7  2
    [2]*   6  1  7  5  1 20 10  1  5  5  2  4  7  4  6  3  1  3 11  1  3  6 20  2 13  6  4  5  9 19 10  1  5
    [3]*   6  5 12  8 17  8  1 20  2  2  8  1  4  1  6  9  2 10 20  6  8 12  2  2  3  6  5  2  5  8  5  7 24 13  1  9  3  7 11  1  8  6 14  1  5  8  3  8 12 11  8 15  1  1  1 11 16  3  1  1 10  4 10  5  3  1 14  1 11  2  1 15  6  1  5  1  1  1 14
    [4]   12  4  3
    [5]    6  2  1  4  6 12  8  7 22  7  3 11  5  9  4 13  7  5  4  8  1 25  5 22
                         
# =========================================================
# colValSeqNext( ,pColSize=2 )
    <1> Val : *,    Rem : *,      (SameRow,Rebind)
    <2> Val : *, *  Rem : *, *    (SameRow,Rebind)
    <3> Val :  ,    Rem :  ,      (SameRow,Rebind)
    <4> Val :  ,    Rem :  ,      (SameRow,Rebind)
    [  1]  4  3     6 16     5  4     4  1
    [  2]  3 10     2 12     1  4     3  1
    [  3] 10  7     1  7    11  9     2  5
    [  4]  5 20     5  2                  
    [  5]  2 13     4  6                  
    [  6]  5  6     2  9                  
    [  7]  5  3     2 20                  
    [  8]  8  5     6  9                  
    [  9]  2  8     2  8                  
    [ 10]  5 13     1  6                  
    [ 11]  9  1     2  9                  
    [ 12]  7  5     3 14                  
    [ 13]  5  6     5  7                  
    [ 14]  3  9     5  7                  
    [ 15] 13  5     3 19                  
    [ 16] 12  9     4  3                  
    [ 17]  4  1     2  2                  
    [ 18]  6  8     4  6                  
    [ 19]  6  1     2  4                  
    [ 20]  7  3     9  2                  
    [ 21]  4  1     1  3                  
    [ 22]  2 12    11  9                  
    [ 23] 13 13     4 11                  
    [ 24] 24  1     5  1                  
    [ 25]  1  3     1  3                  
    [ 26]  3 16    12 20                  
    [ 27]           3  6                  
    [ 28]           2 18                  
    [ 29]           8  2                  
    [ 30]           5  1                  
    [ 31]           1  4                  
    [ 32]           1 10                  
    [ 33]           9  4                  
    [ 34]           1 12                  
    [ 35]           7 11                  
    [ 36]           7  8                  
    [ 37]           5 10                  
    [ 38]           3  1                  
    [ 39]           7  6                  
                         
# =========================================================
# colValSeqNext( ,pColSize=3 )
    <1> Val :  ,    Rem :  ,      (SameRow,Rebind)
    <2> Val :  ,    Rem :  ,      (SameRow,Rebind)
    <3> Val :  ,    Rem :  ,      (SameRow,Rebind)
    [  1]  5  3 14                 5  4  1
    [  2]  9  1 24                        
                         
