logId:toZ834
# =========================================================
#	Raw Value                                              =
# =========================================================
                                                           
# =========================================================
# anaColEndPtn()
    [1]*   3  3 27 16 18
    [2]   26  8 15 10 27
    [3]   33 26 25 29
    [4]   38
    [5]   39 38 39 29 39 40
    [6]   35 41 40 36 45
                         
# =========================================================
# colValSeqNext( ,pColSize=2 )
    <1> Val :  ,    Rem :  ,      (SameRow,Rebind)
    <2> Val :  ,    Rem :  ,      (SameRow,Rebind)
    <3> Val :  ,    Rem :  ,      (SameRow,Rebind)
    <4> Val :  ,    Rem : *,      (SameRow,Rebind)
    <5> Val : *,    Rem : *,      (SameRow,Rebind)
    [  1]  7  9     4  9    40 42    34 42    31 41
    [  2]  3  9     7 10    35 36    20 27    26 36
    [  3] 14 26    33 38    19 26    26 27    39 41
    [  4] 18 23    31 38    10 16    35 40    23 34
    [  5]  9 15    24 25    14 26    36 43    34 39
    [  6]  9 18     7  8    36 41    37 39    37 39
    [  7]  3  4             29 39    15 23    40 42
    [  8] 25 39                      36 37    36 39
    [  9] 15 17                      25 29    36 45
    [ 10]                            40 41    39 45
    [ 11]                            22 42    40 42
    [ 12]                            42 45         
    [ 13]                            23 34         
    [ 14]                            36 39         
    anaMtx_ColVal( cvSeqNextLst[[1]]$fndMtx )
    anaMtx_ColVal( cvSeqNextLst[[2]]$fndMtx )
    anaMtx_ColVal( cvSeqNextLst[[3]]$fndMtx )
    anaMtx_ColVal( cvSeqNextLst[[4]]$fndMtx )
    anaMtx_ColVal( cvSeqNextLst[[5]]$fndMtx )
                         
# =========================================================
# colValSeqNext( ,pColSize=3 )
    <1> Val :  ,    Rem :  ,      (SameRow,Rebind)
    <2> Val :  ,    Rem :  ,      (SameRow,Rebind)
    <3> Val :  ,    Rem :  ,      (SameRow,Rebind)
    <4> Val :  ,    Rem :  ,      (SameRow,Rebind)
    [  1]              7 10 16    19 26 27    37 39 41
    [  2]                                     15 23 34
                         
# =========================================================
#	cStep                                                  =
# =========================================================
                                                           
# =========================================================
# anaColEndPtn()
    [1]*  26  4 15  3 10 10  6  2 16  3  1  3  8  5  7  4 10  2  2  8  1 13  5  6  4  6  1  5  8  4  2  7  4
    [2]    1 14  9 20  7  1
    [3]    9  6  5  3 12  1  5  1
    [4]*   3 18  1  4  1  1  1  3
    [5]*   1  3  5  8  1  1 21  7  4  2 11  8  2  7  7 11  7  7  5 13 12  6  3 16  9 13 14 12 11 22 13  4  1 10 11 10  5 10 14  3  1  3 20  2  5  6 14  5  8  6  2  5  5 10  2  5  2  7  4  4  6
                         
# =========================================================
# colValSeqNext( ,pColSize=2 )
    <1> Val :  ,    Rem : *,      (SameRow,Rebind)
    <2> Val :  ,    Rem : *,      (SameRow,Rebind)
    <3> Val : *,    Rem : *,      (SameRow,Rebind)
    <4> Val : *,    Rem : *,      (SameRow,Rebind)
    [  1]  1 12     8  1     6  6    13  3
    [  2]  3  1     5 12     4  1     4  5
    [  3]  1  4     3  6     6 17    11  1
    [  4] 11  5    12  2    20  4    13  8
    [  5]  1  2     8 16     3  3     2  2
    [  6]  6  7     6  3     7  1     9  4
    [  7]           6  9     5  1     2  1
    [  8]          15  2     4  6    13  7
    [  9]                    1 11     1 12
    [ 10]                   13  9     9  1
    [ 11]                    2 18    20  5
    [ 12]                   12  9     8  6
    [ 13]                    2  6     7  3
    [ 14]                    5  1    10 14
    [ 15]                    8 15     8  5
    [ 16]                   12  2     9  9
    [ 17]                    3 19    13  2
    [ 18]                    8 15     2  2
    [ 19]                    1  1    19  8
    [ 20]                             1 19
    [ 21]                             8 11
    [ 22]                             6 11
    [ 23]                             1 15
    [ 24]                             5 13
    [ 25]                            11  3
    [ 26]                            14  6
    [ 27]                            17  1
    [ 28]                             4  2
    [ 29]                             3  5
    [ 30]                             8 26
    [ 31]                             3 21
    [ 32]                             6  2
    [ 33]                             1 28
    [ 34]                            14  6
    [ 35]                             3 10
    [ 36]                            13  3
    [ 37]                             4  1
    [ 38]                            13  2
    [ 39]                             2  6
    [ 40]                             9  6
    [ 41]                            19  8
                         
# =========================================================
# colValSeqNext( ,pColSize=3 )
    <1> Val :  ,    Rem :  ,      (SameRow,Rebind)
    <2> Val :  ,    Rem :  ,      (SameRow,Rebind)
    <3> Val :  ,    Rem :  ,      (SameRow,Rebind)
    [  1]                          5  1 19
    [  2]                          4  6 11
    [  3]                          2  6  2
    [  4]                         12  2  6
    [  5]                          3 19  8
