logId:toZ837
# =========================================================
#	Raw Value                                              =
# =========================================================
                                                           
# =========================================================
# anaColEndPtn()
    [1]    1 11  9  8  2
    [2]*   6  6  3 11
    [3]*   7  7 12  9 10 17 21
    [4]   30 16
    [5]   29 31 40
    [6]   32
                         
# =========================================================
# colValSeqNext( ,pColSize=2 )
    <1> Val : *,    Rem : *,      (SameRow,Rebind)
    <2> Val :  ,    Rem :  ,      (SameRow,Rebind)
    <3> Val :  ,    Rem :  ,      (SameRow,Rebind)
    <4> Val :  ,    Rem : *, *    (SameRow,Rebind)
    <5> Val : *, *  Rem : *, *    (SameRow,Rebind)
    [  1]  6 10     8 19    19 21    13 26    16 18
    [  2] 14 23    14 20     6 11    14 16    19 26
    [  3]  9 12    13 32    16 19    29 32    19 26
    [  4]  1 10    24 34     4  7     9 22    14 28
    [  5]  6 10    13 18    26 37     9 17    17 30
    [  6]          14 29    13 27    34 36    10 11
    [  7]           3 13    10 19              9 25
    [  8]                   25 31             20 29
    [  9]                   23 34             33 35
    [ 10]                    1  2             23 25
    anaMtx_ColVal( cvSeqNextLst[[1]]$fndMtx )
    anaMtx_ColVal( cvSeqNextLst[[2]]$fndMtx )
    anaMtx_ColVal( cvSeqNextLst[[3]]$fndMtx )
    anaMtx_ColVal( cvSeqNextLst[[4]]$fndMtx )
    anaMtx_ColVal( cvSeqNextLst[[5]]$fndMtx )
                         
# =========================================================
# colValSeqNext( ,pColSize=3 )
    <1> Val :  ,    Rem :  ,      (SameRow,Rebind)
    <2> Val :  ,    Rem :  ,      (SameRow,Rebind)
    <3> Val :  ,    Rem :  ,      (SameRow,Rebind)
    <4> Val :  ,    Rem :  ,      (SameRow,Rebind)
    [  1]                                     14 16 18
                         
# =========================================================
#	cStep                                                  =
# =========================================================
                                                           
# =========================================================
# anaColEndPtn()
    [1]*   3 11  4 21 10 20  2  3  1 16  4  1  4  9  8  9  3  2  9  2  2  4  7  1 11  2  1  2  7  6  7  1  4
    [2]*  19  4 10  5  9  3  3  7  8  7  1 15  7 12  3  4  5  2  2 12  6  9  3  6  3  9  2  1 12  1  8  5 10  1 10  5  7  1 11  1  3  1 15  2 16  6  2  9 16  2  4  1
    [3]*   1  1  5 11  7  3  2  2  3 28  5  3
    [4]    3 11  6  1
    [5]*   3  2  2  1  3  8 16 13  5  1  1  2  1  7  2  4  3  1 14  2 16  3 10  3  7
                         
# =========================================================
# colValSeqNext( ,pColSize=2 )
    <1> Val : *,    Rem : *, *    (SameRow,Rebind)
    <2> Val : *,    Rem : *, *    (SameRow,Rebind)
    <3> Val :  ,    Rem : *,      (SameRow,Rebind)
    <4> Val :  ,    Rem :  ,      (SameRow,Rebind)
    [  1] 19  1     7  3     7 14     2  2
    [  2]  9  2     4  2     7 15    10  2
    [  3]  5 12     4  1     2  1    15  1
    [  4]  2  8     8  3     8  5     5  2
    [  5]  1  3     7  1     2 15    13  6
    [  6] 17  4    10 13     9  6     6 10
    [  7] 10  6     5  6     2  8     4 16
    [  8] 13  1    16  8    26  1     7  2
    [  9]  7  7     2  1    12  5     6  1
    [ 10]  5  5     2 11     9 12    13  2
    [ 11]  9 16     3  1    11  1         
    [ 12]  9  6     2 13     1  2         
    [ 13]  1  3     1 16                  
    [ 14]  7  7     9  6                  
    [ 15]  1 12     6  5                  
    [ 16]  4  8     9  2                  
    [ 17]  4  3     5  4                  
    [ 18]  7  6     9  4                  
    [ 19] 13  2     1  2                  
    [ 20]  2  2    11 15                  
    [ 21]  2  4     7 16                  
    [ 22]  7  4     8  3                  
    [ 23]  7  3     1  2                  
    [ 24]  1  8    10  4                  
    [ 25]          13  2                  
    [ 26]          15  6                  
    [ 27]          13  3                  
    [ 28]           5  3                  
    [ 29]           3  4                  
    [ 30]           3  8                  
    [ 31]           9  2                  
    [ 32]           3  6                  
    [ 33]           8  5                  
    [ 34]          15 11                  
    [ 35]           1 13                  
                         
# =========================================================
# colValSeqNext( ,pColSize=3 )
    <1> Val :  ,    Rem :  ,      (SameRow,Rebind)
    <2> Val :  ,    Rem :  ,      (SameRow,Rebind)
    <3> Val :  ,    Rem :  ,      (SameRow,Rebind)
    [  1]  2  8  3                        
    [  2]  1  8  5                        
                         
