logId:toZ821
# =========================================================
#	Raw Value                                              =
# =========================================================
                                                           
# =========================================================
# anaColEndPtn()
    [1]   11  1  3 11
    [2]*  12 32 32 24 31
    [3]    7 26
    [4]   34 13 23 41 27
    [5]   42 23 40 20 41 34
    [6]*  44 34 21 31 45 45 34 35 45 36 43 40
                         
# =========================================================
# colValSeqNext( ,pColSize=2 )
    <1> Val :  ,    Rem :  ,      (SameRow,Rebind)
    <2> Val :  ,    Rem :  ,      (SameRow,Rebind)
    <3> Val :  ,    Rem :  ,      (SameRow,Rebind)
    <4> Val :  ,    Rem :  ,      (SameRow,Rebind)
    <5> Val :  ,    Rem :  ,      (SameRow,Rebind)
    [  1]           4  7    31 32    32 39    38 42
    [  2]          16 20    13 15    23 27    23 37
    [  3]          21 31             25 29    33 39
    [  4]           1  4             17 19    19 20
    [  5]          22 26                      24 37
    [  6]          22 42                           
    [  7]           6 13                           
    [  8]          15 20                           
    anaMtx_ColVal( cvSeqNextLst[[1]]$fndMtx )
    anaMtx_ColVal( cvSeqNextLst[[2]]$fndMtx )
    anaMtx_ColVal( cvSeqNextLst[[3]]$fndMtx )
    anaMtx_ColVal( cvSeqNextLst[[4]]$fndMtx )
    anaMtx_ColVal( cvSeqNextLst[[5]]$fndMtx )
                         
# =========================================================
# colValSeqNext( ,pColSize=3 )
    <1> Val :  ,    Rem :  ,      (SameRow,Rebind)
    <2> Val :  ,    Rem :  ,      (SameRow,Rebind)
    <3> Val :  ,    Rem :  ,      (SameRow,Rebind)
    <4> Val :  ,    Rem :  ,      (SameRow,Rebind)
    [  1]             21 31 32                17 19 20
                         
# =========================================================
#	cStep                                                  =
# =========================================================
                                                           
# =========================================================
# anaColEndPtn()
    [1]*   4  4  1  4  7
    [2]*   4  4  2 12 16  7 12  2  8  8  5  4  6  1 12  4  2  2  8  8  5  8  5  3  6  9 13 11  2  2  7
    [3]*   7  4  5 19  7  8  9 14  7  8  2  1  9  2  2 10  5  1 16  3  3  7  3  3
    [4]*  12  4 15 11  1  9 10  9  1 19 22  1  8  2 14  8  5  2  6  2 20  1  3  5  2  1  4  1  1  9  4 11  3
    [5]*  13  3  2  2 10  3  6  6 16  6 13  7  7  3  7  2
                         
# =========================================================
# colValSeqNext( ,pColSize=2 )
    <1> Val :  ,    Rem : *,      (SameRow,Rebind)
    <2> Val : *,    Rem : *, *    (SameRow,Rebind)
    <3> Val : *,    Rem : *,      (SameRow,Rebind)
    <4> Val :  ,    Rem : *,      (SameRow,Rebind)
    [  1]  3 13     1  5     1  8     8  3
    [  2] 16  4     5 25     1  1     1  4
    [  3] 18  3     2  4    14  8     9  2
    [  4]  6  2     2  8     1  6     5  1
    [  5]  5 14    12  6     6  1     9  7
    [  6]  5  7    14 10     4  4    11  3
    [  7] 15  9    13  6     2  4    19  6
    [  8]  2  4     1  3     4 10     9  5
    [  9] 19  2     1 18     3  1     1 13
    [ 10]  1 10     9 13     2  1     3  3
    [ 11] 15  2    17  6     4  8    11 13
    [ 12]  3  3     2 13     1 22     2  1
    [ 13]  3 12     6 18     3  5     6  2
    [ 14]  2  2     4  3     5  6     5  8
    [ 15]  5  3    11  1     8  5     4  3
    [ 16]  4  1     3 33     3 15    17  3
    [ 17] 26  5     7  1     2  4     9 10
    [ 18]  6  4     3  6     2  6         
    [ 19]  4  2    14 13    11  1         
    [ 20]  6 18     4  3     3 25         
    [ 21] 14  7     8  1     1 11         
    [ 22]  7  9    10  1                  
    [ 23]  1 13     5  9                  
    [ 24]           2  2                  
    [ 25]           5 14                  
    [ 26]          15  4                  
    [ 27]           2  8                  
    [ 28]           9  8                  
    [ 29]          12  3                  
    [ 30]           4  8                  
    [ 31]          10  4                  
    [ 32]          14  7                  
    [ 33]           2  8                  
    [ 34]           7  3                  
    [ 35]           2 11                  
    [ 36]           9 13                  
    [ 37]           5  7                  
                         
# =========================================================
# colValSeqNext( ,pColSize=3 )
    <1> Val :  ,    Rem :  ,      (SameRow,Rebind)
    <2> Val :  ,    Rem :  ,      (SameRow,Rebind)
    <3> Val :  ,    Rem :  ,      (SameRow,Rebind)
    [  1]  5 14 10    17  6  1            
    [  2]  2  4  3     9  8  5            
    [  3]              2 11  1            
                         
