logId:toZ820
# =========================================================
#	Raw Value                                              =
# =========================================================
                                                           
# =========================================================
# anaColEndPtn()
    [1]   31 12 36  9 10 14
    [2]   17 16  3
    [3]   18 35 36 31 27 39 37
    [4]   25
    [5]   34 41
    [6]   
                         
# =========================================================
# colValSeqNext( ,pColSize=2 )
    <1> Val : *, *  Rem : *, *    (SameRow,Rebind)
    <2> Val :  ,    Rem : *,      (SameRow,Rebind)
    <3> Val :  ,    Rem :  ,      (SameRow,Rebind)
    <4> Val : *, *  Rem : *, *    (SameRow,Rebind)
    <5> Val :  ,    Rem :  ,      (SameRow,Rebind)
    [  1]  8 13    37 45    21 28    25 43    24 27
    [  2]  8 13    33 34    40 41    25 43    26 43
    [  3] 11 27    27 33    29 34    20 34    41 45
    [  4] 19 21    41 44    28 37    38 41    25 33
    [  5] 25 33    42 44    38 41    32 36    35 37
    [  6] 25 34    13 17    27 34    24 30    34 40
    [  7]          32 44    39 43    37 41    33 41
    [  8]          11 21             34 38         
    [  9]           3  7             20 44         
    [ 10]          36 39             39 41         
    [ 11]                            42 45         
    [ 12]                            26 36         
    [ 13]                            32 37         
    anaMtx_ColVal( cvSeqNextLst[[1]]$fndMtx )
    anaMtx_ColVal( cvSeqNextLst[[2]]$fndMtx )
    anaMtx_ColVal( cvSeqNextLst[[3]]$fndMtx )
    anaMtx_ColVal( cvSeqNextLst[[4]]$fndMtx )
    anaMtx_ColVal( cvSeqNextLst[[5]]$fndMtx )
                         
# =========================================================
# colValSeqNext( ,pColSize=3 )
    <1> Val :  ,    Rem :  ,      (SameRow,Rebind)
    <2> Val :  ,    Rem :  ,      (SameRow,Rebind)
    <3> Val :  ,    Rem :  ,      (SameRow,Rebind)
    <4> Val :  ,    Rem :  ,      (SameRow,Rebind)
    [  1]                         27 34 38    38 41 45
                         
# =========================================================
#	cStep                                                  =
# =========================================================
                                                           
# =========================================================
# anaColEndPtn()
    [1]*   2 10 12  2 19  2  3  4  7  3  7 16  2 11  4  2  2 13  8  3 20 24  9
    [2]   16  8  2  1  4  5  4  7 16
    [3]*   9  4  1  5  1  4  5  5  4  3  8 16  2  6  4 13  3  6  1  5 12  5  5  5 11  3  7  4 10  6  1  6 11
    [4]*  12  8 17  8  1 20  2  2  8  1  4  1  6  9  2 10 20  6  8 12  2  2  3  6  5  2  5  8  5  7 24 13  1  9  3  7 11  1  8  6 14  1  5  8  3  8 12 11  8 15  1  1  1 11 16  3  1  1 10  4 10  5  3  1 14  1 11  2  1 15  6  1  5  1  1  1 14
    [5]*   3  2 11  7 12  5 30  1 14  6 17  6  1 14  1  7 15 14 12 14  4 11  8 13  1  1  4  3  8  1  2 10 11 11  5  9  4  8  7  6 15  2  1 23  1 19  1  4 17  9  9  6
                         
# =========================================================
# colValSeqNext( ,pColSize=2 )
    <1> Val :  ,    Rem :  ,      (SameRow,Rebind)
    <2> Val : *,    Rem : *,      (SameRow,Rebind)
    <3> Val : *,    Rem : *,      (SameRow,Rebind)
    <4> Val : *,    Rem : *,      (SameRow,Rebind)
    [  1]  7  9     1  1    12 13    21  4
    [  2]  3  2    14  8     2  6     9  7
    [  3]  2  8     1  6     6  2     3  4
    [  4]  2  5     6  1     9  9     8 12
    [  5]  8  8     4  4     1  8    14  1
    [  6]  7  6     2  4     2  7     3  4
    [  7]           4 10     1  2    18  5
    [  8]           3  1    17  1     1 19
    [  9]           2  1     7  4     2 22
    [ 10]           4  8     5  4     3  6
    [ 11]           1 22     2  7     8 13
    [ 12]           3  5     7  2    10  6
    [ 13]           5  6     2  1    18  4
    [ 14]           8  5     6 15     5 19
    [ 15]           3 15    16 10     1  7
    [ 16]           2  4    12  1    10 25
    [ 17]           2  6     9 11     9  6
    [ 18]          11  1    10 11         
    [ 19]           3 25     2  3         
    [ 20]           1 11     9  1         
    [ 21]                    4  7         
    [ 22]                   21  2         
    [ 23]                    3  9         
    [ 24]                    8 21         
                         
# =========================================================
# colValSeqNext( ,pColSize=3 )
    <1> Val :  ,    Rem :  ,      (SameRow,Rebind)
    <2> Val :  ,    Rem :  ,      (SameRow,Rebind)
    <3> Val :  ,    Rem :  ,      (SameRow,Rebind)
    [  1]  2  5  6     3  1  2     1  2 22
    [  2]              3  5  4            
                         
