logId:toZ839
# =========================================================
#	Raw Value                                              =
# =========================================================
                                                           
# =========================================================
# anaColEndPtn()
    [1]    2 15  1
    [2]   38
    [3]   14  2 27 13
    [4]   29 18 38 42
    [5]*  41 40 40 43
    [6]   39 43 45 34 40
                         
# =========================================================
# colValSeqNext( ,pColSize=2 )
    <1> Val :  ,    Rem :  ,      (SameRow,Rebind)
    <2> Val :  ,    Rem :  ,      (SameRow,Rebind)
    <3> Val :  ,    Rem :  ,      (SameRow,Rebind)
    <4> Val :  ,    Rem : *,      (SameRow,Rebind)
    <5> Val :  ,    Rem : *,      (SameRow,Rebind)
    [  1] 10 13    17 21    30 39    33 44    26 29
    [  2] 10 24    12 22    40 41    22 27    38 39
    [  3] 12 13    15 28    27 33    12 14    19 39
    [  4] 11 16    13 14             11 17    14 30
    [  5] 17 34    10 16             19 25    19 20
    [  6]          38 39             15 30    29 32
    [  7]          11 32             17 32    40 41
    [  8]           6 10             44 45    26 39
    [  9]                            33 35    21 26
    [ 10]                            33 34         
    [ 11]                            26 28         
    [ 12]                            33 41         
    [ 13]                             7 17         
    anaMtx_ColVal( cvSeqNextLst[[1]]$fndMtx )
    anaMtx_ColVal( cvSeqNextLst[[2]]$fndMtx )
    anaMtx_ColVal( cvSeqNextLst[[3]]$fndMtx )
    anaMtx_ColVal( cvSeqNextLst[[4]]$fndMtx )
    anaMtx_ColVal( cvSeqNextLst[[5]]$fndMtx )
                         
# =========================================================
# colValSeqNext( ,pColSize=3 )
    <1> Val :  ,    Rem :  ,      (SameRow,Rebind)
    <2> Val :  ,    Rem :  ,      (SameRow,Rebind)
    <3> Val :  ,    Rem :  ,      (SameRow,Rebind)
    <4> Val :  ,    Rem :  ,      (SameRow,Rebind)
    [  1]                         27 33 35            
                         
# =========================================================
#	cStep                                                  =
# =========================================================
                                                           
# =========================================================
# anaColEndPtn()
    [1]    8
    [2]*   5 10  7  4  1  6  4  9 12 13  1  6  7  1  8 11  1 10 10  1  3  2  3  6  4  7  1  1  3 15 11  7  6  1 12 15  2  2  1  4 12  7  6 15 13  6 11  3  8  2  7  6 10  8  5  8  7  1  5
    [3]*   9  7 12  1 15 10  3  3  6
    [4]*   5 10  7  4  1  6  4  9 12 13  1  6  7  1  8 11  1 10 10  1  3  2  3  6  4  7  1  1  3 15 11  7  6  1 12 15  2  2  1  4 12  7  6 15 13  6 11  3  8  2  7  6 10  8  5  8  7  1  5
    [5]*   4  7  6  5  3 17  2  3  4  3  3 14  3  6
                         
# =========================================================
# colValSeqNext( ,pColSize=2 )
    <1> Val : *,    Rem : *,      (SameRow,Rebind)
    <2> Val :  ,    Rem :  ,      (SameRow,Rebind)
    <3> Val :  ,    Rem :  ,      (SameRow,Rebind)
    <4> Val :  ,    Rem : *, *    (SameRow,Rebind)
    [  1]  3  8     5  1    11 19     3 16
    [  2]  7  2     2 11     9  1    30  1
    [  3]  1  1     7  2     6  2     3  9
    [  4]  9  6    13  1     3  3    25  2
    [  5]  7  2     6  3    22  2     4 15
    [  6] 13 12                       4  8
    [  7] 21  6                       3 11
    [  8]  3  7                      11 18
    [  9]  1  1                       5  2
    [ 10]  8  2                       6 14
    [ 11]  3 11                       1 19
    [ 12]  4 11                       3 10
    [ 13]  5  1                      11  5
    [ 14] 12  4                      10  6
    [ 15] 13  6                       7  4
    [ 16]  7  8                       6  2
    [ 17]  3 19                       4  6
    [ 18]  1  8                      13  8
    [ 19]  7 11                      12  1
    [ 20]  5 17                       2  1
    [ 21]  8  1                       6  3
    [ 22]  8  2                       5  3
    [ 23]  1  1                      10  9
    [ 24]  5  3                       1  4
    [ 25]  5  5                      11  3
    [ 26]  3 13                       8  7
    [ 27]  8 28                       3  2
    [ 28]  3  9                      11  6
    [ 29]  6 18                      19  3
    [ 30] 11  1                       3  1
    [ 31] 13  2                           
    [ 32]  8  4                           
    [ 33]  1  3                           
    [ 34]  7  2                           
    [ 35] 29  1                           
    [ 36] 13  3                           
                         
# =========================================================
# colValSeqNext( ,pColSize=3 )
    <1> Val :  ,    Rem :  ,      (SameRow,Rebind)
    <2> Val :  ,    Rem :  ,      (SameRow,Rebind)
    <3> Val :  ,    Rem :  ,      (SameRow,Rebind)
    [  1]              2 11 19            
    [  2]              6  3  3            
                         
