logId:toZ855
# =========================================================
#	Raw Value                                              =
# =========================================================
                                                           
# =========================================================
# anaColEndPtn()
    [1]   13
    [2]   16
    [3]   34 37 35 26 17
    [4]   43 31 23
    [5]   25 21
    [6]   43 41 44 40 35 40
                         
# =========================================================
# colValSeqNext( ,pColSize=2 )
    <1> Val :  ,    Rem :  ,      (SameRow,Rebind)
    <2> Val :  ,    Rem :  ,      (SameRow,Rebind)
    <3> Val :  ,    Rem :  ,      (SameRow,Rebind)
    <4> Val :  ,    Rem :  ,      (SameRow,Rebind)
    <5> Val :  ,    Rem :  ,      (SameRow,Rebind)
    [  1] 26 33    15 23    15 17    30 33    40 44
    [  2] 10 12    24 27    37 38    31 32    32 34
    [  3]  7 15     5 11    14 22    42 45    23 36
    [  4] 32 37    19 20    34 45    34 42    29 30
    [  5] 22 25     7 18    17 23    29 42    43 44
    [  6] 27 28    22 34    22 25    37 41         
    [  7] 37 43             27 34    14 25         
    [  8]                   31 42    21 29         
    [  9]                   32 40    25 33         
    [ 10]                   17 21                  
    [ 11]                   38 45                  
    [ 12]                   31 38                  
    [ 13]                   23 26                  
    [ 14]                   34 40                  
    [ 15]                   17 39                  
    anaMtx_ColVal( cvSeqNextLst[[1]]$fndMtx )
    anaMtx_ColVal( cvSeqNextLst[[2]]$fndMtx )
    anaMtx_ColVal( cvSeqNextLst[[3]]$fndMtx )
    anaMtx_ColVal( cvSeqNextLst[[4]]$fndMtx )
    anaMtx_ColVal( cvSeqNextLst[[5]]$fndMtx )
                         
# =========================================================
# colValSeqNext( ,pColSize=3 )
    <1> Val :  ,    Rem :  ,      (SameRow,Rebind)
    <2> Val :  ,    Rem :  ,      (SameRow,Rebind)
    <3> Val :  ,    Rem :  ,      (SameRow,Rebind)
    <4> Val :  ,    Rem :  ,      (SameRow,Rebind)
                         
# =========================================================
#	cStep                                                  =
# =========================================================
                                                           
# =========================================================
# anaColEndPtn()
    [1]*  12  5  4  7  2  6  4  3 12  1  3 13 14  1 22  2  7  8  6  1  1  6  4  1  3  8
    [2]*   8  2  1  1  2  6  4  1
    [3]*   4 18  1  1  1  3  5  8  1  1 21  7  4  2 11  8  2  7  7 11  7  7  5 13 12  6  3 16  9 13 14 12 11 22 13  4  1 10 11 10  5 10 14  3  1  3 20  2  5  6 14  5  8  6  2  5  5 10  2  5  2  7  4  4  6
    [4]*   5  9 26 11  3 24  1  8  7  8  3  9  2  3  1 17  6  1  1  7  7  6  1 16 17 10 20 11  5  2  8 13  1  9  4  4  1  8  3  5  2  1 29  7  2 10 19  1 12
    [5]    7
                         
# =========================================================
# colValSeqNext( ,pColSize=2 )
    <1> Val : *, *  Rem : *, *    (SameRow,Rebind)
    <2> Val : *,    Rem : *,      (SameRow,Rebind)
    <3> Val : *, *  Rem : *, *    (SameRow,Rebind)
    <4> Val :  ,    Rem : *,      (SameRow,Rebind)
    [  1]  3  6     3  6     7  3    11  2
    [  2]  1 11     6  3    10  7     3  5
    [  3]  2  1     9  1    11  3    21  7
    [  4] 17  5     6 18     4  3     3  3
    [  5]  4 18     3  6     4  3     1  5
    [  6]  5  3     5  2    16  4     9  8
    [  7] 12  5     2 12     2  8     4  5
    [  8]  2  5     6 17     7  3     8  2
    [  9]  9  1     9  5    15  9    13  7
    [ 10]  6  8    12  3    10  2     1  4
    [ 11]  5  6     8  9    15  1     1  7
    [ 12]  6  7     6  1     6  1    19  3
    [ 13]  1  3     1  2     5 17     4  1
    [ 14]  8  5     3 16     4  4     2 15
    [ 15]  8  5     5  3     1  5     2 20
    [ 16]  5 13    12  3     3 13     3  8
    [ 17] 13  2     1  5     1  9     1 12
    [ 18] 11  3     3 12     5  5     7  6
    [ 19]  1 19     8  8     1 17     3  6
    [ 20]  3  3    19  2     2 10     3  4
    [ 21]  6  2     4  3     3  7     5 10
    [ 22] 25  1     4  2     3  6     2  6
    [ 23]           3  3     6  8         
    [ 24]           3  5     7  6         
    [ 25]                    2  2         
    [ 26]                   11  9         
    [ 27]                    4  5         
    [ 28]                   18  3         
    [ 29]                    3  4         
    [ 30]                    6  3         
    [ 31]                    9  1         
    [ 32]                    1  6         
    [ 33]                    4 18         
    [ 34]                    1  2         
    [ 35]                    7  2         
    [ 36]                    2 21         
    [ 37]                    3  9         
    [ 38]                    6  3         
    [ 39]                    7 13         
    [ 40]                    3  3         
    [ 41]                    4  3         
    [ 42]                    5  7         
    [ 43]                   18  1         
    [ 44]                    2  7         
    [ 45]                    4 14         
                         
# =========================================================
# colValSeqNext( ,pColSize=3 )
    <1> Val :  ,    Rem :  ,      (SameRow,Rebind)
    <2> Val :  ,    Rem :  ,      (SameRow,Rebind)
    <3> Val :  ,    Rem :  ,      (SameRow,Rebind)
    [  1] 17  5  2     5  3  7     6  3  6
    [  2]  6  8  9     4  3  9            
    [  3]  5  6  1     3  3  3            
                         
