

[실험기록]
<2017.02.11A>
    소스 : Obj_miniS0125.save
    결과 : Obj_mSPool0212A.save
    mSPool <- gE.defineSpecies( pPop=2000 ,pDnaType=1:length(miniS$fltRstLst) 
                                ,pDnaSize=32 ,pDnaReplace=F
                                ,pClassName="miniS" 
                                ,pAsF="assF.mean"
                            )
<2017.02.11B>
    소스 : Obj_miniS0125.save
    결과 : Obj_mSPool0212B.save
    mSPool <- gE.defineSpecies( pPop=2000 ,pDnaType=1:length(miniS$fltRstLst) 
                                ,pDnaSize=32 ,pDnaReplace=F
                                ,pClassName="miniS" 
                                ,pAsF="assF.mean"
                            )

<2017.02.11A>
    소스 : Obj_miniS0125.save
    결과 : Obj_mSPool0211A.save
    mSPool <- gE.defineSpecies( pPop=40 ,pDnaType=1:length(miniS$fltRstLst) 
                                ,pDnaSize=5 ,pDnaReplace=F
                                ,pClassName="miniS" 
                                ,pAsF="assF.mean"
                            )
<2017.02.11B>
    소스 : Obj_miniS0125.save
    결과 : Obj_mSPool0211B.save
    mSPool <- gE.defineSpecies( pPop=40 ,pDnaType=1:length(miniS$fltRstLst) 
                                ,pDnaSize=5 ,pDnaReplace=F
                                ,pClassName="miniS" 
                                ,pAsF="assF.mean"
                            )							
<2017.02.06>
    소스 : Obj_miniS0125.save
    결과 : Obj_mSPool0206.save
	mSPool <- gE.defineSpecies( pPop=2000 ,pDnaType=2:length(miniS$fltRstLst) 
								,pDnaSize=32
								,pClassName="miniS" 
							)
<2017.01.25>
    Obj_mSPool0120.save
    소스 : Obj_miniS0125.save
    결과 : Obj_mSPool0125.save
    로그 : default_0125.log
    mSPool <- gE.defineSpecies( pPop=2000 ,pDnaType=1:length(miniS$fltRstLst) 
                                ,pDnaSize=32
                                ,pClassName="miniS" 
                            )
    genLength <- 500

<2017.01.20>
    Obj_mSPool0120.save
    결과 : Obj_mSPool0120.save
    로그 : default_0120.log
    mSPool <- gE.defineSpecies( pPop=2000 ,pDnaType=1:length(miniS$fltRstLst) 
                                ,pDnaSize=32
                                ,pClassName="miniS" 
                            )
    genLength <- 500

<2017.01.15>
    mSPool <- gE.defineSpecies( pPop=1000 ,pDnaType=1:length(miniS$fltRstLst) 
                                ,pDnaSize=4
                                ,pClassName="miniS" 
                            )
    세대 : 100
    소요시간 : 9hr
    scoreTrend : 211 -> 19683
    mSPool$pool$childMtx[mSPool$ass$survive.idx,]


               [,1] [,2] [,3] [,4]
          [1,]  105  105  103  104
          [2,]  104  103  105  105
          [3,]  105  104  105  103
          [4,]  107  103  105  104
          [5,]  105  104  106  103
          [6,]  107  103  106  105
          [7,]  107  103  105  106
          [8,]  105  107  105  103
          [9,]  107  103  106   NA
         [10,]  105  106  103  105
         [11,]   NA  106  103  105
         [12,]   NA  106  106  103
         [13,]   78   74  105  103
         [14,]   NA    2    2  104
         [15,]   NA   NA    2  104
         [16,]    2  104    2    2
         [17,]    2   NA    2  104
         [18,]  105  104    2  105
         [19,]    2  105  104  105
         [20,]  104    2  105  105
         [21,]  104    2  106  105
         [22,]  105    2  106  104
         [23,]  105  104  106    2
         [24,]  107  104    2  105
         [25,]  107    2  105  104
         [26,]  105  107    2  104
         [27,]  104    2  106  105
         [28,]  105  104  106    2
         [29,]  107  104    2   NA
         [30,]  107    2    2  104
         [31,]  107   NA    2  104
         [32,]  107    2   NA  104
         [33,]  107    2    2  104
         [34,]  105  104    2   NA
         [35,]  104    2    2  105
         [36,]   NA    2  104  105
         [37,]   NA  104  105    2
         [38,]   NA  104    2  105
         [39,]  105   NA    2  104
         [40,]    2  105    2  104
         [41,]  105  104    2    2
         [42,]   NA    2  106  104
         [43,]    2  104    2  106
         [44,]   NA   78  106  103
         [45,]   78  107  105  103
         [46,]   NA   78  105  103
         [47,]   78   NA  105  103
         [48,]   NA   78  105  103
         [49,]   78   77  106  103
         [50,]   77   78  106  103
         [51,]   78  103  106   77
         [52,]   78  103  106   77
         [53,]  107   77  103   77
         [54,]  107  103   NA   77
         [55,]   77  103  103  105
         [56,]  105   78  105  103
         [57,]   77  103  105  103
         [58,]   77  103  105  103
         [59,]   77  103  103  105
         [60,]   78   77  105  103
         [61,]   78   77  105  103
         [62,]  107  103  105   77
         [63,]  105  103   NA   77
         [64,]   77  103  105   NA
         [65,]   NA  103  105   77
         [66,]   77  103  105   77
         [67,]   77  103  105  105
         [68,]  105  103  105   77
         [69,]   77  103  105  105
         [70,]   77   NA   NA  103
         [71,]    9    2  105    9
         [72,]    9   NA    9  105
         [73,]    9    9   NA  105
         [74,]    9   NA    9  105
         [75,]    2    9  105  105
         [76,]   NA    2  105    9
         [77,]  105  105  106    9
         [78,]   NA  105    2    9
         [79,]  105    9  105    9
         [80,]    9   NA   NA  105
         [81,]  105    9  105  105
         [82,]  105    2  105    9
         [83,]  105   NA  106    9
         [84,]  105    2    2    9
         [85,]  105  105  105    9
         [86,]    9   NA  105  105
         [87,]   NA    9    2  105
         [88,]   NA    9  106  105
         [89,]  105    2  106    9
         [90,]  105    2   NA    9
         [91,]    2  105  106    9
         [92,]    9    2  105  106
         [93,]    9    2   NA  105
         [94,]    9    2  106  105
         [95,]    9    2  105    2
         [96,]    9    2    2  105
         [97,]  105    9   NA  105
         [98,]    9   NA    2  105
         [99,]   NA  105    2    9
        [100,]  105    9  105    2
        [101,]  105  105  105    9
        [102,]    9  105  105    9
        [103,]    9    2  105  105
        [104,]   NA    9  106  105
        [105,]  107    9    2  105
        [106,]    2    9  107  105
        [107,]  107    9  106  105
        [108,]  107    9  105  105
        [109,]  107    2   76  106
        [110,]   NA    2   76  106
        [111,]    2  106   76    2
        [112,]    2   NA   76  106
        [113,]   NA   76    2  106
        [114,]    2   NA   76  106
        [115,]   77    2   75  105
        [116,]   75   77    2  105
        [117,]    2   78  105   75
        [118,]   75   78    2  105
        [119,]   78    2   75  105
        [120,]   78    2  105   75
        [121,]  105   76    2   75
        [122,]  107   76    2    2
        [123,]  107    2   76    2
        [124,]  107   76    2   76
        [125,]  107   76    2  107
        [126,]   76  107    2   NA
        [127,]  107    2   76   NA
        [128,]  107    2  107   76
        [129,]  107   76    2    2
        [130,]  107   76   76    2
        [131,]  105   75   74   76
        [132,]  105   76   74  105
        [133,]   NA   76   74  105
        [134,]  107    2   76   77
        [135,]   76  107    2   77
        [136,]  107   76    2   77
        [137,]   76  107    2   77
        [138,]  105    9   76    9
        [139,]  105   74   74   77
        [140,]  107    2   76   78
        [141,]   74   76  105   74
        [142,]   NA   78   74  105
        [143,]  107    2    9   77
        [144,]   NA   75    2  105
        [145,]   75    2  105    2
        [146,]   NA    2   75  105
        [147,]    2   NA   75  105
        [148,]   NA    2  105   75
        [149,]    2   75   75  105
        [150,]   75   NA  105    2
        [151,]    2    2   75  105
        [152,]  107   77    9   77
        [153,]   74   74  105   78
        [154,]    2   75  105  105
        [155,]    2  105  105   75
        [156,]  105    2  105   75
        [157,]    2  105   75  105
        [158,]  105  106    2   75
        [159,]    2   75  105  105
        [160,]  105    2   75  105
        [161,]   78   NA  106    9
        [162,]  107   75  105    2
        [163,]  107    2   75  105
        [164,]  107    2  105   75
        [165,]  105  107   75    2
        [166,]  107   75  105    2
        [167,]   77   NA  106    9
        [168,]   11   NA    6   77
        [169,]   11    2    6   77
        [170,]   NA  105   76    9
        [171,]  105   NA   76    9
        [172,]    2    9  105   76
        [173,]   76    9   NA  105
        [174,]  105    2   76    9
        [175,]  105    2   76    9
        [176,]  107    9  106   77
        [177,]    2    6   77    2
        [178,]   77    2    6   NA
        [179,]    2   NA    6   77
        [180,]    2    6   77    2
        [181,]    2   NA    6   77
        [182,]   77    2    6   NA
        [183,]    2    6  106  106
        [184,]   NA   78    6   77
        [185,]  107    2  107   77
        [186,]   NA   75  106   75
        [187,]  105  107   76  105
        [188,]  107  103  106   75
        [189,]  107   NA  103   75
        [190,]   NA   75  106  104
        [191,]  107   NA  106   77
        [192,]  107   75  106  104
        [193,]  107   78  106  105
        [194,]    9    2   NA    9
        [195,]   75   76  106  106
        [196,]  105  105  106  104
        [197,]  107  105  106  104
        [198,]   NA   75  106  106
        [199,]   NA  104   76  103
        [200,]   NA   75   74   75


