[[1]]
  1   2   4   5   7   8 
275  60 215   5 195 146 

[[2]]
  2   3   4   5   6   7   8   9  10  11  12  13  16  17  18  19  20  22  23  24  25  26 
  4   6  87  50  66 118   4 175  11  28  71  74  65   1  26  25   1  19  22  23  12   8 

[[3]]
  4   5   6   7   8   9  10  11  12  13  15  16  17  18  19  20  22  23  24  26  27  28  29  30  31  32  33  35 
  1   6   8   4   9  19   1  20  82 144  22  73  28  24  44   6  59 137  42  29  50  48  25   3   1   6   3   2 

[[4]]
 10  12  13  14  15  16  17  18  19  20  22  23  24  25  27  28  29  30  32  33  34  35  36  37  38  39 
  2   4   6  13  22   9  21  30   4   4  25  54  99 124 100 115  42  21  35  47  29  18  33  15  12  12 

[[5]]
 17  19  22  23  24  25  26  28  29  30  31  32  33  37  38  39  40 
  5   5   6   6  20  14   9  39 262  12  59  95  26  25   2 253  58 

[[6]]
 25  26  27  28  29  30  31  32  33  34  35  37  38  39  40  41  42 
  1   1   2   3  16  34  20  20  37  52  17   5  21  19 483  62 103 